0 0 0.025 0   0.242859 -0.643136 0.674795 -2.85524 1.87491 0.470094
0.025 0 0.05 0   0.409128 0.872079 0.912481 -0.608208 1.10859 2.36168
0.05 0 0.075 0   0.313954 0.112166 0.704 2.05934 1.21148 1.15243
0.075 0 0.1 0   0.425899 -1.52365 0.769302 1.52318 1.05373 -0.420811
0.1 0 0.125 0   0.705506 -2.37267 0.740139 0.90999 0.766999 -1.07786
0.125 0 0.15 0   0.7496 1.0113 0.762362 1.47899 0.981037 -2.91341
0.15 0 0.175 0   0.734304 1.81633 1.04759 -2.57729 1.08875 -2.72641
0.175 0 0.2 0   0.572988 1.04219 0.842499 -2.22993 0.963276 1.93235
0.2 0 0.225 0   0.184233 1.35205 0.853047 -1.95987 1.46732 -3.0935
0.225 0 0.25 0   0.445262 2.74878 0.998228 -2.84859 1.60299 0.375044
0.25 0 0.275 0   0.365943 0.0650764 0.929033 -2.45024 1.4231 0.3543
0.275 0 0.3 0   0.361938 -1.5687 0.656338 1.26025 1.27973 2.51721
0.3 0 0.325 0   0.560575 2.32194 0.679602 -0.548013 1.37946 1.04562
0.325 0 0.35 0   0.316218 2.1227 0.861258 2.51787 1.52868 -1.55272
0.35 0 0.375 0   0.740996 -0.134596 0.91299 0.66677 0.943764 -1.88008
0.375 0 0.4 0   0.50039 -2.88697 0.815567 1.36485 1.38009 -1.92363
0.4 0 0.425 0   0.396304 -0.770651 0.877243 -0.0511944 1.44296 -2.38117
0.425 0 0.45 0   0.569435 -2.17593 0.826121 1.70134 1.2406 1.1117
0.45 0 0.475 0   0.392953 1.56564 1.10226 -2.86235 1.25752 -1.03221
0.475 0 0.5 0   0.47842 -0.288916 0.941546 2.1775 1.2918 0.537969
0.5 0 0.5 0.025   0.463395 -0.226529 0.716827 0.984402 1.47359 2.0655
0.5 0.025 0.5 0.05   0.640902 -0.166648 0.726022 2.07681 1.39587 0.517836
0.5 0.05 0.5 0.075   0.355532 1.98086 1.04036 -2.2007 1.19632 0.807973
0.5 0.075 0.5 0.1   0.198234 0.807384 0.981238 1.32541 1.01821 -2.86131
0.5 0.1 0.5 0.125   0.459776 2.7748 0.680764 0.298642 1.17992 -0.992802
0.5 0.125 0.5 0.15   0.503899 -0.0983662 0.714981 2.86226 1.61977 -0.923887
0.5 0.15 0.5 0.175   0.300925 -0.480709 0.632287 -2.49621 1.82573 1.53911
0.5 0.175 0.5 0.2   0.579291 -0.353646 0.610501 -0.970424 1.25611 0.798634
0.5 0.2 0.5 0.225   0.438505 -1.88131 0.790333 2.4181 1.41786 2.46002
0.5 0.225 0.5 0.25   0.526362 0.854752 0.888759 -1.01291 1.38386 2.86564
0.5 0.25 0.5 0.275   0.349985 -1.12762 1.26762 0.106661 1.30508 -0.549483
0.5 0.275 0.5 0.3   0.222187 2.3484 1.30476 2.28835 1.33867 -2.04422
0.5 0.3 0.5 0.325   0.662181 -1.38563 0.954499 0.57182 1.07268 1.68825
0.5 0.325 0.5 0.35   0.48143 0.177293 0.653339 1.91074 1.40875 -2.23192
0.5 0.35 0.5 0.375   0.417057 -2.91969 0.424515 0.0877512 1.577 -0.459126
0.5 0.375 0.5 0.4   0.627558 2.05754 0.648492 0.45705 0.995085 -1.08619
0.5 0.4 0.5 0.425   0.496341 -2.27078 0.775365 1.91448 1.0067 -0.0546544
0.5 0.425 0.5 0.45   0.345266 1.0252 1.14597 -1.96834 1.15433 1.65968
0.5 0.45 0.5 0.475   0.489181 3.12407 0.827642 0.889304 1.37489 0.216221
0.5 0.475 0.5 0.5   0.478509 1.57003 0.496933 -1.00093 1.09412 1.33411
0.5 0.5 0.475 0.5   0.402721 -0.233054 0.515952 -2.39411 1.45297 -0.470791
0.475 0.5 0.45 0.5   0.573167 -1.13706 0.737221 0.730775 1.16071 -1.42077
0.45 0.5 0.425 0.5   0.641377 1.12343 0.693346 2.52201 1.3945 0.0257049
0.425 0.5 0.4 0.5   0.663358 -2.9674 0.856522 -0.0647505 0.989408 -0.78331
0.4 0.5 0.375 0.5   0.446257 -1.55685 1.07477 2.71816 1.2259 0.197613
0.375 0.5 0.35 0.5   0.525679 -2.85159 0.634198 0.857172 1.05192 -0.94312
0.35 0.5 0.325 0.5   0.335688 -1.35669 0.742329 2.25937 1.81733 -2.53951
0.325 0.5 0.3 0.5   0.351698 -0.939712 1.10636 -2.45631 1.27665 1.18654
0.3 0.5 0.275 0.5   0.428811 -0.722983 1.03392 -1.25653 1.18857 1.72707
0.275 0.5 0.25 0.5   0.355591 2.03915 0.835777 3.11912 1.10584 -0.370579
0.25 0.5 0.225 0.5   0.80651 -2.9003 0.867278 0.0485556 0.922198 2.73781
0.225 0.5 0.2 0.5   0.444623 2.56653 0.836466 -2.14653 1.42495 0.498454
0.2 0.5 0.175 0.5   0.609035 0.50348 0.829852 -2.61489 1.25592 2.73699
0.175 0.5 0.15 0.5   0.460729 -2.62302 1.14991 1.11664 1.34925 -1.83785
0.15 0.5 0.125 0.5   0.357896 0.0238035 0.491847 -1.64892 1.66541 -3.11716
0.125 0.5 0.1 0.5   0.366325 -1.66503 0.773841 2.42583 1.51708 1.5965
0.1 0.5 0.075 0.5   0.512651 1.59747 0.652869 -0.804354 1.50072 -1.59634
0.075 0.5 0.05 0.5   0.657403 2.92229 1.01896 1.68875 1.05333 -1.48054
0.05 0.5 0.025 0.5   0.508764 1.37701 1.04098 3.003 1.09297 -0.213168
0.025 0.5 0 0.5   0.817738 -2.88257 0.883037 -1.35386 0.97991 0.543797
0 0.5 0 0.475   0.750709 -1.11528 0.862958 -1.89958 1.07894 1.38131
0 0.475 0 0.45   0.0936673 0.197697 0.886729 -2.53704 1.05105 0.75452
0 0.45 0 0.425   0.456442 -0.27091 0.798232 1.42249 1.45796 -2.59649
0 0.425 0 0.4   0.579989 -2.19418 0.720224 0.879724 1.47828 -0.578518
0 0.4 0 0.375   0.620736 0.672426 0.661134 2.27029 1.50181 1.52979
0 0.375 0 0.35   0.36067 -2.57734 0.997256 2.17701 1.05444 -0.266609
0 0.35 0 0.325   0.562405 2.90485 0.890241 -1.2613 1.11106 -2.93274
0 0.325 0 0.3   0.482984 -2.35467 0.902432 1.52913 1.33194 2.75621
0 0.3 0 0.275   0.349523 2.43138 0.678926 0.0985588 1.77762 -2.57548
0 0.275 0 0.25   0.46809 2.28176 0.63114 -1.07977 1.54851 -0.230812
0 0.25 0 0.225   0.51758 2.15513 0.555488 -0.280562 1.35653 -1.74129
0 0.225 0 0.2   0.171081 1.51955 0.82778 -1.86122 1.58285 -0.299724
0 0.2 0 0.175   0.773518 2.12089 0.790555 -2.24631 1.24117 -0.206976
0 0.175 0 0.15   0.312108 2.92019 1.05478 0.751082 1.2798 -0.865146
0 0.15 0 0.125   0.499799 -1.41561 0.824205 -2.18977 1.1976 -0.0750303
0 0.125 0 0.1   0.36902 -0.826086 0.925422 2.21762 1.07883 -0.552366
0 0.1 0 0.075   0.369767 1.2536 0.863755 1.29417 1.18444 2.60917
0 0.075 0 0.05   0.435182 1.19842 0.729913 0.514684 1.48665 -1.97142
0 0.05 0 0.025   0.416393 -0.548038 0.871957 0.992148 1.05227 2.98278
0 0.025 0 0   0.470595 3.00311 0.960943 0.0250858 1.27854 -2.19408
