0 0 0.05 0   1.479e-05   -1.09872   3.17468
0 0 0 0.05   1.45935e-05   1.19434   3.17468
0.05 0 0.1 0   0.00107447   -0.716926   6.34554
0.05 0 0 0   1.45935e-05   1.19434   6.34554
0.1 0 0.15 0   0.00986533   -0.206121   9.51668
0.1 0 0.05 0   1.29112e-05   -0.00163753   9.51668
0.15 0 0.2 0   0.0417049   0.244415   12.688
0.15 0 0.1 0   0.000769381   -0.546361   12.688
0.2 0 0.25 0   0.117493   0.654798   15.858
0.2 0 0.15 0   0.00703236   -0.13014   15.858
0.25 0 0.3 0   0.358001   1.03718   19.0258
0.25 0 0.2 0   0.0468761   0.231304   19.0258
0.3 0 0.35 0   0.702887   1.25499   22.1949
0.3 0 0.25 0   0.151178   0.491077   22.1949
0.35 0 0.4 0   1.08751   1.6414   25.3687
0.35 0 0.3 0   0.330168   0.931592   25.3687
0.4 0 0.45 0   1.58582   2.10981   28.538
0.4 0 0.35 0   0.691096   1.45477   28.538
0.45 0 0.5 0   2.14791   2.44967   31.7084
0.45 0 0.4 0   1.27116   1.80356   31.7084
0.5 0 0.5 0.05   3.09386   2.45648   34.8756
0.5 0 0.45 0   1.84045   2.25225   34.8756
0.5 0.05 0.5 0.1   3.80092   2.3866   38.0441
0.5 0.05 0.5 0   1.89351   2.68484   38.0441
0.5 0.1 0.5 0.15   4.71768   2.25487   41.2134
0.5 0.1 0.5 0.05   2.59639   2.99547   41.2134
0.5 0.15 0.5 0.2   4.64361   2.11884   44.386
0.5 0.15 0.5 0.1   3.11742   2.92072   44.386
0.5 0.2 0.5 0.25   4.4761   2.01166   47.5557
0.5 0.2 0.5 0.15   3.51208   2.83193   47.5557
0.5 0.25 0.5 0.3   4.46538   1.9132   50.7266
0.5 0.25 0.5 0.2   3.83184   2.77416   50.7266
0.5 0.3 0.5 0.35   4.44534   1.95542   53.8954
0.5 0.3 0.5 0.25   3.74306   2.76165   53.8954
0.5 0.35 0.5 0.4   4.01898   1.87409   57.0677
0.5 0.35 0.5 0.3   3.76051   2.6511   57.0677
0.5 0.4 0.5 0.45   4.89414   2.11387   60.2393
0.5 0.4 0.5 0.35   3.1913   2.89281   60.2393
0.5 0.45 0.5 0.5   4.9069   2.12223   63.4089
0.5 0.45 0.5 0.4   3.18936   2.88219   63.4089
0.5 0.5 0.45 0.5   3.97712   1.9912   66.5798
0.5 0.5 0.5 0.45   3.49319   2.58866   66.5798
0.45 0.5 0.4 0.5   4.17184   2.08548   69.7534
0.45 0.5 0.5 0.5   3.13231   2.68705   69.7534
0.4 0.5 0.35 0.5   4.64451   2.18592   72.9229
0.4 0.5 0.45 0.5   2.94149   2.9144   72.9229
0.35 0.5 0.3 0.5   4.43668   2.14477   76.095
0.35 0.5 0.4 0.5   3.11441   2.80251   76.095
0.3 0.5 0.25 0.5   3.94252   2.16963   79.2647
0.3 0.5 0.35 0.5   2.87784   2.57366   79.2647
0.25 0.5 0.2 0.5   4.00341   2.16942   82.4358
0.25 0.5 0.3 0.5   2.94875   2.59711   82.4358
0.2 0.5 0.15 0.5   3.88902   2.18501   85.6041
0.2 0.5 0.25 0.5   2.9518   2.55008   85.6041
0.15 0.5 0.1 0.5   3.95538   2.28741   88.7753
0.15 0.5 0.2 0.5   2.46594   2.58204   88.7753
0.1 0.5 0.05 0.5   4.59257   2.3879   91.9463
0.1 0.5 0.15 0.5   2.03338   2.88101   91.9463
0.05 0.5 6.93889e-17 0.5   5.46106   2.47384   95.113
0.05 0.5 0.1 0.5   1.85978   -2.92293   95.113
6.93889e-17 0.5 0 0.45   5.7819   2.54591   98.2855
6.93889e-17 0.5 0.05 0.5   2.33167   -2.80478   98.2855
0 0.45 0 0.4   5.97174   2.6356   101.454
0 0.45 6.93889e-17 0.5   2.97836   -2.94531   101.454
0 0.4 0 0.35   5.94728   2.71847   104.63
0 0.4 0 0.45   3.87366   -2.93087   104.63
0 0.35 0 0.3   5.8034   2.74037   107.801
0 0.35 0 0.4   4.23545   -2.83858   107.801
0 0.3 0 0.25   5.71946   2.75322   110.974
0 0.3 0 0.35   4.56123   -2.77002   110.974
0 0.25 0 0.2   5.68355   2.75378   114.149
0 0.25 0 0.3   4.61305   -2.72318   114.149
0 0.2 0 0.15   5.67584   2.75295   117.321
0 0.2 0 0.25   4.5685   -2.69944   117.321
0 0.15 0 0.1   5.67552   2.75281   120.494
0 0.15 0 0.2   4.53597   -2.69538   120.494
0 0.1 0 0.05   5.67552   2.7528   123.666
0 0.1 0 0.15   4.52855   -2.69492   123.666
0 0.05 0 0   5.67552   2.7528   126.838
0 0.05 0 0.1   4.52773   -2.69494   126.838
