0 0 0.025 0   0.486567 -0.0583523 0.797766 -0.615014 1.27525 0.049943
0.025 0 0.05 0   0.814043 0.506033 0.972914 -3.06104 0.999658 2.07312
0.05 0 0.075 0   0.821316 -3.10072 0.82841 0.0445657 1.1008 -1.48487
0.075 0 0.1 0   0.795163 -1.4856 0.887595 2.40379 1.09554 -1.30763
0.1 0 0.125 0   0.771868 2.55664 0.865599 -2.34064 0.87295 -0.443354
0.125 0 0.15 0   0.50198 -2.48428 1.06045 2.8717 1.14038 -2.69364
0.15 0 0.175 0   0.21492 1.17631 0.829935 0.0733994 1.10282 0.763235
0.175 0 0.2 0   0.509529 -2.72967 0.74723 0.339468 1.2949 2.63285
0.2 0 0.225 0   0.876315 -0.415434 0.911098 -2.45885 1.00698 -0.557475
0.225 0 0.25 0   0.609618 -1.41335 0.941272 -0.478716 1.12013 2.60155
0.25 0 0.275 0   0.795999 3.02405 0.937449 -2.43004 1.0672 2.55369
0.275 0 0.3 0   0.759643 -1.55346 0.868822 0.171327 0.996175 -1.96545
0.3 0 0.325 0   0.894725 -2.00708 0.914698 0.909113 1.01543 -0.0215792
0.325 0 0.35 0   0.784376 0.987475 0.812669 -1.12689 1.07586 1.9806
0.35 0 0.375 0   0.739253 0.146691 0.978575 2.5386 1.00035 -0.284376
0.375 0 0.4 0   0.665705 0.724537 0.970669 -0.293272 1.0007 2.84446
0.4 0 0.425 0   0.823663 2.45463 0.903288 -2.84201 1.01688 2.60599
0.425 0 0.45 0   0.749259 -2.85745 0.913674 -0.410579 0.921711 -2.15546
0.45 0 0.475 0   0.560676 -2.21729 0.92564 2.43141 1.0741 0.171356
0.475 0 0.5 0   0.837165 -1.30423 0.852786 -1.83664 0.931353 0.456591
0.5 0 0.5 0.025   0.821893 2.57723 0.911426 -0.558968 0.964924 0.249395
0.5 0.025 0.5 0.05   0.770324 0.794588 0.907089 -1.56784 0.980693 1.93371
0.5 0.05 0.5 0.075   0.699633 -1.07855 0.732821 1.69076 1.27318 -1.83333
0.5 0.075 0.5 0.1   0.563834 -0.420901 1.02944 -1.05177 1.23963 -0.236592
0.5 0.1 0.5 0.125   0.799509 -0.247582 0.810935 3.07401 1.24326 -0.342412
0.5 0.125 0.5 0.15   0.821781 0.656114 0.870911 3.09312 0.954181 0.523534
0.5 0.15 0.5 0.175   0.832236 2.41939 0.890025 -0.860535 1.02618 2.09555
0.5 0.175 0.5 0.2   0.499128 2.8569 0.969867 2.37085 0.97534 -0.82938
0.5 0.2 0.5 0.225   0.862023 0.805158 0.931033 -0.544633 0.966079 -1.24262
0.5 0.225 0.5 0.25   0.80813 0.917344 0.810805 -0.784865 1.14852 -1.82813
0.5 0.25 0.5 0.275   0.870992 -0.72237 0.949629 0.000527641 1.03348 -1.25318
0.5 0.275 0.5 0.3   0.695027 -0.817616 0.853022 1.39643 1.20931 -0.271737
0.5 0.3 0.5 0.325   0.807213 -0.777133 0.838074 -2.66561 1.03684 2.05872
0.5 0.325 0.5 0.35   0.424524 -0.624218 1.05735 -0.811853 1.18515 -0.059752
0.5 0.35 0.5 0.375   0.396218 0.633699 0.744011 0.882205 1.48041 0.813274
0.5 0.375 0.5 0.4   0.845109 1.14789 0.869162 0.26152 1.14009 -1.11485
0.5 0.4 0.5 0.425   0.739859 2.65502 0.901181 -0.514691 0.953823 2.31882
0.5 0.425 0.5 0.45   0.830648 -0.0465781 0.910311 1.56434 1.13617 2.38645
0.5 0.45 0.5 0.475   0.761751 -0.181037 0.83596 2.20653 0.927281 -2.73794
0.5 0.475 0.5 0.5   0.798339 0.242302 0.823094 -2.4078 0.949975 0.871369
0.5 0.5 0.475 0.5   0.608865 -1.62324 0.836058 -0.491774 1.34415 0.314759
0.475 0.5 0.45 0.5   0.768081 2.54047 0.966471 -2.12495 1.12612 1.76654
0.45 0.5 0.425 0.5   0.669513 2.5319 0.704161 2.96299 0.869242 -1.03039
0.425 0.5 0.4 0.5   0.389739 2.76452 0.998506 -0.0518545 1.29526 3.10095
0.4 0.5 0.375 0.5   0.889538 0.116117 0.94792 -0.664589 1.0237 -1.0725
0.375 0.5 0.35 0.5   0.688923 2.84906 0.883004 2.60537 1.20301 2.17371
0.35 0.5 0.325 0.5   0.498111 -0.509362 0.567224 2.63562 0.867238 0.15774
0.325 0.5 0.3 0.5   0.37737 1.69409 0.665442 -1.10102 1.12808 -0.0219813
0.3 0.5 0.275 0.5   0.761289 -0.296669 0.867012 2.64185 1.13828 0.272539
0.275 0.5 0.25 0.5   0.871878 -0.75019 0.878486 0.435883 0.992045 -2.78132
0.25 0.5 0.225 0.5   0.882225 -1.99167 0.902322 -1.81749 0.930733 2.37684
0.225 0.5 0.2 0.5   0.866688 -2.56476 0.938067 -1.44986 1.06217 -0.160243
0.2 0.5 0.175 0.5   0.754671 1.6093 0.900822 -0.113676 1.07907 -0.458557
0.175 0.5 0.15 0.5   0.793099 -1.39889 0.934317 1.38543 1.02122 -1.61721
0.15 0.5 0.125 0.5   0.684377 -0.96756 0.813823 -0.783873 1.05199 0.573903
0.125 0.5 0.1 0.5   0.76447 -0.184776 0.832747 1.74564 1.21714 -0.305144
0.1 0.5 0.075 0.5   0.617517 -2.76117 0.849128 1.43326 1.27963 3.04573
0.075 0.5 0.05 0.5   0.614195 -0.374095 0.915379 -0.279606 1.34834 -0.398856
0.05 0.5 0.025 0.5   0.887522 -1.49064 0.887973 0.804171 1.11994 -0.656408
0.025 0.5 0 0.5   0.741925 -0.475135 0.878614 2.40101 1.07939 -0.365366
0 0.5 0 0.475   0.838183 -0.849037 0.950128 2.79152 1.09397 0.697203
0 0.475 0 0.45   0.682736 1.78793 0.936858 -2.23712 1.01872 0.841687
0 0.45 0 0.425   0.692212 3.09605 0.828371 0.390945 1.20956 -3.05541
0 0.425 0 0.4   0.880936 2.8744 0.881029 1.84628 1.05652 -0.441387
0 0.4 0 0.375   0.743603 2.50684 0.949704 -2.76579 1.09588 -0.299144
0 0.375 0 0.35   0.757172 -0.904253 0.831271 0.432308 1.22514 -0.40714
0 0.35 0 0.325   0.73391 0.523361 0.856268 -3.09569 1.14286 2.48938
0 0.325 0 0.3   0.426835 1.91353 0.817997 -0.884763 1.41678 1.11371
0 0.3 0 0.275   0.81296 0.731195 0.875153 0.219482 0.928864 2.36667
0 0.275 0 0.25   0.90215 -0.108254 0.903352 -1.73889 1.04398 1.62979
0 0.25 0 0.225   0.814658 0.382887 0.907807 2.05519 1.10035 -2.7876
0 0.225 0 0.2   0.577015 0.916801 0.846301 0.216434 1.40992 0.169678
0 0.2 0 0.175   0.852884 0.258984 0.857641 -0.913616 0.929418 -2.71071
0 0.175 0 0.15   0.794114 1.84608 0.922918 1.84936 1.10428 -0.184012
0 0.15 0 0.125   0.744044 -2.09948 0.958347 -1.31709 1.1182 -0.25126
0 0.125 0 0.1   0.527988 3.13438 0.94743 -2.11404 1.04462 -0.249216
0 0.1 0 0.075   0.763204 -0.887728 0.876806 -2.94366 1.02557 0.822807
0 0.075 0 0.05   0.827094 0.851449 0.925739 0.436299 1.13969 0.135124
0 0.05 0 0.025   0.861294 -1.065 0.929165 0.944099 1.091 0.47092
0 0.025 0 0   0.759863 -0.509304 0.984617 -3.02171 1.12937 -0.303409
