0 0 0.992004 -0.00755844
0.025 0 0.990684 0.000167105
0.05 0 0.989475 -0.00229431
0.075 0 0.990759 0.0131532
0.1 0 0.989737 0.000887244
0.125 0 0.99088 -0.0184894
0.15 0 0.992301 0.00800386
0.175 0 0.987287 -0.0129174
0.2 0 0.991604 -0.0152132
0.225 0 0.986782 0.0231549
0.25 0 0.991171 0.00190832
0.275 0 0.989942 0.000335021
0.3 0 0.991775 0.000482195
0.325 0 0.992217 0.00944462
0.35 0 0.992816 0.0048383
0.375 0 0.992019 -0.00472715
0.4 0 0.990124 -0.0172603
0.425 0 0.985841 -0.0201206
0.45 0 0.99361 0.0205626
0.475 0 0.990846 0.00971922
0.5 0 0.989171 -0.405596
0.5 0.025 0.985881 -0.391392
0.5 0.05 0.990039 -0.392764
0.5 0.075 0.991113 -0.406588
0.5 0.1 0.993252 -0.402299
0.5 0.125 0.990723 -0.414398
0.5 0.15 0.991033 -0.38798
0.5 0.175 0.993946 -0.415293
0.5 0.2 0.984955 -0.405561
0.5 0.225 0.987744 -0.397601
0.5 0.25 0.990661 -0.416671
0.5 0.275 0.989048 -0.389543
0.5 0.3 0.99209 -0.392685
0.5 0.325 0.987354 -0.398905
0.5 0.35 0.993143 -0.395098
0.5 0.375 0.989776 -0.388114
0.5 0.4 0.990188 -0.416504
0.5 0.425 0.991824 -0.402309
0.5 0.45 0.994489 -0.423648
0.5 0.475 0.984183 -0.395348
0.5 0.5 0.990408 -0.412124
0.475 0.5 0.989741 -0.42208
0.45 0.5 0.985922 -0.396188
0.425 0.5 0.977819 -0.389263
0.4 0.5 0.991882 -0.379843
0.375 0.5 0.990135 -0.39387
0.35 0.5 0.980774 -0.381943
0.325 0.5 0.990789 -0.39704
0.3 0.5 0.989395 -0.420307
0.275 0.5 0.991953 -0.411914
0.25 0.5 0.984001 -0.432468
0.225 0.5 0.989035 -0.429087
0.2 0.5 0.992304 -0.408618
0.175 0.5 0.989099 -0.400902
0.15 0.5 0.99267 -0.393258
0.125 0.5 0.989332 -0.414761
0.1 0.5 0.993687 -0.398379
0.075 0.5 0.990614 -0.406344
0.05 0.5 0.99283 -0.409725
0.025 0.5 0.99054 -0.410554
0 0.5 0.987801 -0.0128166
0 0.475 0.990334 0.0119888
0 0.45 0.986225 -0.0149064
0 0.425 0.992337 0.00321999
0 0.4 0.990314 0.000803513
0 0.375 0.990866 -0.028424
0 0.35 0.992288 -0.000553359
0 0.325 0.987619 -0.00905165
0 0.3 0.990729 0.0139589
0 0.275 0.991909 0.00881214
0 0.25 0.991279 -0.000104603
0 0.225 0.988476 -0.021241
0 0.2 0.991885 -0.00749159
0 0.175 0.989342 -0.00434916
0 0.15 0.992588 0.00456574
0 0.125 0.99089 -0.0161542
0 0.1 0.992035 0.010505
0 0.075 0.988303 -0.00376875
0 0.05 0.992924 -0.00976723
0 0.025 0.992475 0.00681008
