0 0 0.9987 -0.00345484
0.01 0 0.998733 -0.00244833
0.02 0 0.99868 0.0031687
0.03 0 0.998658 -0.00524442
0.04 0 0.998243 -0.00650649
0.05 0 0.9983 0.00777649
0.06 0 0.998383 -0.00195374
0.07 0 0.998995 -0.00577478
0.08 0 0.998681 -0.00519289
0.09 0 0.99829 0.00564801
0.1 0 0.998206 -0.00184382
0.11 0 0.998386 -0.0066971
0.12 0 0.998333 0.00148618
0.13 0 0.998421 -0.005431
0.14 0 0.9984 -0.00731838
0.15 0 0.997945 -0.000219466
0.16 0 0.998434 0.00342773
0.17 0 0.998983 0.00266798
0.18 0 0.998754 0.00179889
0.19 0 0.998432 0.0027467
0.2 0 0.997972 0.00201542
0.21 0 0.998993 -0.00463889
0.22 0 0.998486 0.00106598
0.23 0 0.998637 -0.00268554
0.24 0 0.998941 -0.0016742
0.25 0 0.998501 0.00410596
0.26 0 0.99881 0.00902063
0.27 0 0.998819 0.00537215
0.28 0 0.998213 -0.00608738
0.29 0 0.998701 -0.004998
0.3 0 0.998186 0.00450257
0.31 0 0.998493 -0.00105842
0.32 0 0.99833 -0.00128094
0.33 0 0.99856 -0.00322608
0.34 0 0.998779 0.00316753
0.35 0 0.998326 0.00428508
0.36 0 0.998043 -0.0129796
0.37 0 0.99851 0.00508872
0.38 0 0.998495 -0.00303279
0.39 0 0.997453 -0.000987281
0.4 0 0.998866 -0.0035044
0.41 0 0.998141 0.00759984
0.42 0 0.998679 0.00505131
0.43 0 0.996809 -0.00248497
0.44 0 0.998124 -0.00112698
0.45 0 0.998549 -0.00688948
0.46 0 0.998776 -0.0104987
0.47 0 0.99835 0.000614115
0.48 0 0.998351 -0.00755831
0.49 0 0.998239 -0.000162918
0.5 0 0.998561 -0.163929
0.5 0.01 0.998594 -0.162122
0.5 0.02 0.998369 -0.154279
0.5 0.03 0.998332 -0.167489
0.5 0.04 0.998698 -0.158577
0.5 0.05 0.997686 -0.166801
0.5 0.06 0.998246 -0.163403
0.5 0.07 0.998479 -0.162922
0.5 0.08 0.99876 -0.156296
0.5 0.09 0.998239 -0.166803
0.5 0.1 0.996233 -0.165988
0.5 0.11 0.998324 -0.157864
0.5 0.12 0.996722 -0.159546
0.5 0.13 0.998637 -0.159207
0.5 0.14 0.998536 -0.157826
0.5 0.15 0.998924 -0.162107
0.5 0.16 0.998705 -0.160647
0.5 0.17 0.998761 -0.159911
0.5 0.18 0.998352 -0.169466
0.5 0.19 0.998452 -0.16695
0.5 0.2 0.998483 -0.161885
0.5 0.21 0.998558 -0.159264
0.5 0.22 0.998624 -0.158962
0.5 0.23 0.998556 -0.168607
0.5 0.24 0.998207 -0.15902
0.5 0.25 0.99835 -0.15965
0.5 0.26 0.997849 -0.16059
0.5 0.27 0.998033 -0.159568
0.5 0.28 0.998662 -0.158822
0.5 0.29 0.99854 -0.16423
0.5 0.3 0.998937 -0.169161
0.5 0.31 0.998435 -0.15702
0.5 0.32 0.998677 -0.165175
0.5 0.33 0.998469 -0.161882
0.5 0.34 0.998631 -0.164634
0.5 0.35 0.998397 -0.165048
0.5 0.36 0.998351 -0.154406
0.5 0.37 0.998402 -0.164074
0.5 0.38 0.998496 -0.158321
0.5 0.39 0.998334 -0.158364
0.5 0.4 0.996635 -0.162046
0.5 0.41 0.997507 -0.156137
0.5 0.42 0.998722 -0.158952
0.5 0.43 0.998386 -0.161594
0.5 0.44 0.998708 -0.162206
0.5 0.45 0.997641 -0.160597
0.5 0.46 0.998763 -0.166018
0.5 0.47 0.998591 -0.161867
0.5 0.48 0.998586 -0.168248
0.5 0.49 0.998398 -0.161098
0.5 0.5 0.998786 -0.166733
0.49 0.5 0.998708 -0.155018
0.48 0.5 0.998714 -0.164753
0.47 0.5 0.998511 -0.161678
0.46 0.5 0.997985 -0.152546
0.45 0.5 0.998432 -0.157893
0.44 0.5 0.998514 -0.159572
0.43 0.5 0.998812 -0.172537
0.42 0.5 0.998813 -0.160167
0.41 0.5 0.998665 -0.16085
0.4 0.5 0.998628 -0.163722
0.39 0.5 0.998719 -0.16621
0.38 0.5 0.997786 -0.15874
0.37 0.5 0.997796 -0.170937
0.36 0.5 0.998727 -0.165454
0.35 0.5 0.997716 -0.172042
0.34 0.5 0.997905 -0.168297
0.33 0.5 0.998728 -0.164296
0.32 0.5 0.998957 -0.155469
0.31 0.5 0.997757 -0.170111
0.3 0.5 0.998358 -0.159958
0.29 0.5 0.997908 -0.162025
0.28 0.5 0.999142 -0.15893
0.27 0.5 0.99847 -0.157695
0.26 0.5 0.998152 -0.171877
0.25 0.5 0.998197 -0.16138
0.24 0.5 0.998375 -0.165657
0.23 0.5 0.998438 -0.173288
0.22 0.5 0.99876 -0.169429
0.21 0.5 0.998869 -0.1712
0.2 0.5 0.998433 -0.160557
0.19 0.5 0.998091 -0.16452
0.18 0.5 0.998904 -0.160976
0.17 0.5 0.99832 -0.157246
0.16 0.5 0.998283 -0.162528
0.15 0.5 0.998366 -0.162277
0.14 0.5 0.998411 -0.163117
0.13 0.5 0.998504 -0.166132
0.12 0.5 0.997273 -0.166401
0.11 0.5 0.997679 -0.152805
0.1 0.5 0.998483 -0.160659
0.09 0.5 0.998383 -0.170768
0.08 0.5 0.998782 -0.158595
0.07 0.5 0.998746 -0.163093
0.06 0.5 0.998742 -0.163925
0.05 0.5 0.99845 -0.160915
0.04 0.5 0.998381 -0.166426
0.03 0.5 0.998484 -0.164935
0.02 0.5 0.998091 -0.158551
0.01 0.5 0.998216 -0.158619
0 0.5 0.99867 0.00961366
0 0.49 0.998698 0.00147985
0 0.48 0.998602 -0.000500961
0 0.47 0.99865 -0.00209506
0 0.46 0.998897 -0.00224368
0 0.45 0.998801 0.00515557
0 0.44 0.998358 9.08646e-05
0 0.43 0.998515 0.00140019
0 0.42 0.998079 0.00281531
0 0.41 0.99837 0.000885469
0 0.4 0.998781 0.00440769
0 0.39 0.998225 -0.00399976
0 0.38 0.998479 0.000213704
0 0.37 0.998692 -0.00826009
0 0.36 0.998339 0.00279785
0 0.35 0.99883 0.00547446
0 0.34 0.996702 0.00749079
0 0.33 0.997945 0.00662156
0 0.32 0.998761 0.00028591
0 0.31 0.998171 -0.0025843
0 0.3 0.998484 -0.00270802
0 0.29 0.997689 0.00683561
0 0.28 0.997973 -0.00375193
0 0.27 0.998331 0.00206588
0 0.26 0.99772 0.00276971
0 0.25 0.998555 -0.00458145
0 0.24 0.998154 -0.00302949
0 0.23 0.998517 -0.00395209
0 0.22 0.998294 0.00207105
0 0.21 0.998684 0.00757755
0 0.2 0.998399 0.0052172
0 0.19 0.998031 0.00641203
0 0.18 0.997294 -0.00261165
0 0.17 0.998655 -0.00669015
0 0.16 0.998669 0.00891218
0 0.15 0.998487 -0.00199953
0 0.14 0.998764 0.00457986
0 0.13 0.999063 -0.00154501
0 0.12 0.998663 -0.00219185
0 0.11 0.998927 -0.00264023
0 0.1 0.998479 0.00613368
0 0.09 0.99857 2.08983e-05
0 0.08 0.998221 -0.00254207
0 0.07 0.998335 -0.00701197
0 0.06 0.998838 0.00609524
0 0.05 0.998794 0.00509562
0 0.04 0.998477 0.00125218
0 0.03 0.998637 0.00134448
0 0.02 0.998129 0.000688629
0 0.01 0.99816 3.61448e-06
