0 0 0.989518 0.000963912
0.025 0 0.985911 0.00983245
0.05 0 0.989284 0.0012656
0.075 0 0.991287 0.0262336
0.1 0 0.990425 0.00601784
0.125 0 0.990761 -0.00266897
0.15 0 0.993204 -0.000593339
0.175 0 0.986917 0.00129633
0.2 0 0.994193 0.00121632
0.225 0 0.994055 0.00810716
0.25 0 0.99031 0.00243546
0.275 0 0.986825 0.00814809
0.3 0 0.987229 -0.00738757
0.325 0 0.993032 -0.0162552
0.35 0 0.991027 0.00800477
0.375 0 0.990191 0.0167802
0.4 0 0.985982 0.00705071
0.425 0 0.989715 -0.000265679
0.45 0 0.991462 -0.041073
0.475 0 0.986075 -0.0189716
0.5 0 0.98487 -0.390537
0.5 0.025 0.991404 -0.36387
0.5 0.05 0.992201 -0.369531
0.5 0.075 0.992038 -0.36602
0.5 0.1 0.990142 -0.356454
0.5 0.125 0.990207 -0.373029
0.5 0.15 0.992031 -0.367592
0.5 0.175 0.993297 -0.38489
0.5 0.2 0.991273 -0.380852
0.5 0.225 0.989001 -0.388988
0.5 0.25 0.992906 -0.377682
0.5 0.275 0.993654 -0.366262
0.5 0.3 0.994533 -0.4024
0.5 0.325 0.994444 -0.398757
0.5 0.35 0.990595 -0.384063
0.5 0.375 0.989189 -0.387707
0.5 0.4 0.988198 -0.339619
0.5 0.425 0.992387 -0.375182
0.5 0.45 0.989601 -0.389536
0.5 0.475 0.989126 -0.384114
0.5 0.5 0.991469 -0.3897
0.475 0.5 0.99088 -0.400647
0.45 0.5 0.98781 -0.397206
0.425 0.5 0.99246 -0.393927
0.4 0.5 0.990056 -0.431838
0.375 0.5 0.990722 -0.399248
0.35 0.5 0.991123 -0.407865
0.325 0.5 0.993299 -0.398369
0.3 0.5 0.989221 -0.415439
0.275 0.5 0.992312 -0.406816
0.25 0.5 0.990937 -0.399242
0.225 0.5 0.993103 -0.396321
0.2 0.5 0.992856 -0.404469
0.175 0.5 0.989311 -0.43828
0.15 0.5 0.982939 -0.395242
0.125 0.5 0.992761 -0.397623
0.1 0.5 0.989167 -0.409221
0.075 0.5 0.993925 -0.410313
0.05 0.5 0.983892 -0.392079
0.025 0.5 0.990034 -0.40017
0 0.5 0.992152 -0.0440898
0 0.475 0.990707 -0.0345837
0 0.45 0.991261 -0.0080458
0 0.425 0.990994 -0.0356713
0 0.4 0.990985 -0.0429817
0 0.375 0.991302 -0.0165261
0 0.35 0.988396 -0.00619994
0 0.325 0.991707 -0.0278354
0 0.3 0.989725 -0.0129395
0 0.275 0.988977 -0.0253363
0 0.25 0.99015 -0.0224915
0 0.225 0.992774 -0.0206398
0 0.2 0.988018 -0.0247431
0 0.175 0.987629 -0.0235078
0 0.15 0.989368 -0.0224575
0 0.125 0.993787 -0.0411219
0 0.1 0.988081 -0.0284518
0 0.075 0.98897 -0.0244589
0 0.05 0.989341 -0.050008
0 0.025 0.987907 -0.00811841
