0 0 0.988102 0.00643858
0.025 0 0.989095 0.00813705
0.05 0 0.990737 0.00675958
0.075 0 0.992591 -0.00512472
0.1 0 0.98768 -0.000334939
0.125 0 0.99251 -0.0152291
0.15 0 0.992061 -0.0144988
0.175 0 0.991346 -0.000952185
0.2 0 0.988165 -0.00540767
0.225 0 0.990445 0.020495
0.25 0 0.99005 -0.0216827
0.275 0 0.991878 0.0169168
0.3 0 0.985114 0.00122912
0.325 0 0.990631 -0.0168294
0.35 0 0.990966 -0.0148113
0.375 0 0.990378 -0.0134358
0.4 0 0.987037 0.0142177
0.425 0 0.989583 -0.00324799
0.45 0 0.991986 0.00269996
0.475 0 0.990002 -0.0114154
0.5 0 0.992 -0.417503
0.5 0.025 0.990331 -0.376793
0.5 0.05 0.988454 -0.410406
0.5 0.075 0.992071 -0.418285
0.5 0.1 0.972298 -0.404639
0.5 0.125 0.981376 -0.403076
0.5 0.15 0.992407 -0.418613
0.5 0.175 0.981764 -0.403128
0.5 0.2 0.979444 -0.379631
0.5 0.225 0.992537 -0.424665
0.5 0.25 0.991373 -0.411992
0.5 0.275 0.985619 -0.409579
0.5 0.3 0.985015 -0.371382
0.5 0.325 0.987799 -0.394364
0.5 0.35 0.991392 -0.417269
0.5 0.375 0.990627 -0.411363
0.5 0.4 0.986189 -0.415974
0.5 0.425 0.990466 -0.407162
0.5 0.45 0.989916 -0.418683
0.5 0.475 0.99033 -0.411166
0.5 0.5 0.991829 -0.411294
0.475 0.5 0.991788 -0.398224
0.45 0.5 0.990157 -0.389456
0.425 0.5 0.986092 -0.395695
0.4 0.5 0.990033 -0.4202
0.375 0.5 0.990534 -0.414578
0.35 0.5 0.990804 -0.39962
0.325 0.5 0.989852 -0.397743
0.3 0.5 0.991662 -0.407342
0.275 0.5 0.989335 -0.423643
0.25 0.5 0.990604 -0.422741
0.225 0.5 0.990698 -0.402272
0.2 0.5 0.988885 -0.395445
0.175 0.5 0.990411 -0.404554
0.15 0.5 0.993765 -0.408636
0.125 0.5 0.990869 -0.421025
0.1 0.5 0.990274 -0.395888
0.075 0.5 0.990239 -0.40695
0.05 0.5 0.990397 -0.411042
0.025 0.5 0.985905 -0.394202
0 0.5 0.987676 0.00857033
0 0.475 0.988078 -0.00661839
0 0.45 0.991044 0.00264963
0 0.425 0.987497 0.00786738
0 0.4 0.985509 0.0212934
0 0.375 0.992958 0.0318075
0 0.35 0.991055 -0.000817834
0 0.325 0.991241 0.0117944
0 0.3 0.993775 0.0063764
0 0.275 0.991205 0.00634531
0 0.25 0.992385 5.6847e-05
0 0.225 0.991739 0.00100881
0 0.2 0.991442 0.00592239
0 0.175 0.988645 0.0104492
0 0.15 0.991006 0.00804827
0 0.125 0.991656 0.00488747
0 0.1 0.992355 -0.0118614
0 0.075 0.992754 -0.00120062
0 0.05 0.991989 0.00200401
0 0.025 0.9922 0.00876374
