0 0 0.990646 -0.0676818
0.025 0 0.993637 -0.0596705
0.05 0 0.987178 -0.0528197
0.075 0 0.992192 -0.0573793
0.1 0 0.986061 -0.0528066
0.125 0 0.988606 -0.0422647
0.15 0 0.98796 -0.0501827
0.175 0 0.970753 -0.0505157
0.2 0 0.991376 -0.0445274
0.225 0 0.989335 -0.0342312
0.25 0 0.991598 -0.0576372
0.275 0 0.992127 -0.0569659
0.3 0 0.992353 -0.0590052
0.325 0 0.989645 -0.0602129
0.35 0 0.99056 -0.0521197
0.375 0 0.993714 -0.0462758
0.4 0 0.990858 -0.0777439
0.425 0 0.993853 -0.0562086
0.45 0 0.99125 -0.0458045
0.475 0 0.988377 -0.0561666
0.5 0 0.990537 -0.415853
0.5 0.025 0.987639 -0.407337
0.5 0.05 0.990786 -0.410076
0.5 0.075 0.991076 -0.387013
0.5 0.1 0.992848 -0.409966
0.5 0.125 0.992782 -0.393976
0.5 0.15 0.98526 -0.387757
0.5 0.175 0.991054 -0.417158
0.5 0.2 0.992283 -0.417623
0.5 0.225 0.993845 -0.396035
0.5 0.25 0.989425 -0.399531
0.5 0.275 0.989844 -0.402729
0.5 0.3 0.989067 -0.396274
0.5 0.325 0.989738 -0.413413
0.5 0.35 0.990794 -0.409095
0.5 0.375 0.991396 -0.423092
0.5 0.4 0.982727 -0.392453
0.5 0.425 0.991947 -0.398833
0.5 0.45 0.990865 -0.392436
0.5 0.475 0.98894 -0.409796
0.5 0.5 0.989846 -0.359951
0.475 0.5 0.991512 -0.345711
0.45 0.5 0.985759 -0.360113
0.425 0.5 0.990331 -0.356049
0.4 0.5 0.991821 -0.336668
0.375 0.5 0.989644 -0.350876
0.35 0.5 0.983882 -0.35512
0.325 0.5 0.992501 -0.348647
0.3 0.5 0.98934 -0.350108
0.275 0.5 0.992757 -0.35868
0.25 0.5 0.9919 -0.352679
0.225 0.5 0.989429 -0.371505
0.2 0.5 0.980495 -0.367688
0.175 0.5 0.988662 -0.334668
0.15 0.5 0.989228 -0.370454
0.125 0.5 0.989033 -0.327293
0.1 0.5 0.989667 -0.342471
0.075 0.5 0.993336 -0.346619
0.05 0.5 0.989717 -0.348727
0.025 0.5 0.991115 -0.327628
0 0.5 0.991765 -0.00368739
0 0.475 0.988174 0.0267459
0 0.45 0.988315 -0.0083325
0 0.425 0.988797 -0.0166644
0 0.4 0.990812 0.00250972
0 0.375 0.993227 -0.0138101
0 0.35 0.991538 -0.00323836
0 0.325 0.991158 0.00321783
0 0.3 0.99086 0.00216048
0 0.275 0.988509 0.00394316
0 0.25 0.991862 0.0246178
0 0.225 0.991779 0.0138432
0 0.2 0.993277 0.0116379
0 0.175 0.989614 -0.0159837
0 0.15 0.991617 0.0272537
0 0.125 0.993532 -0.00808641
0 0.1 0.986409 -0.0141531
0 0.075 0.990451 0.000273607
0 0.05 0.990857 -0.00881509
0 0.025 0.992186 -0.00352459
