0 0 0.988551 -0.00863516
0.03 0 0.984638 -0.0446594
0.06 0 0.987575 0.00534005
0.09 0 0.980111 0.0161439
0.12 0 0.987789 0.010559
0.15 0 0.988249 -0.0197848
0.18 0 0.984467 0.0113807
0.21 0 0.988509 0.00713041
0.24 0 0.986519 0.0178411
0.27 0 0.988639 -0.0221458
0.3 0 0.985715 -0.0164885
0.33 0 0.98453 -0.00200381
0.36 0 0.984893 -0.0264984
0.39 0 0.982244 0.00924336
0.42 0 0.982839 0.0217218
0.45 0 0.956912 0.0128779
0.5 0 0.983131 -0.490749
0.5 0.03 0.98963 -0.474364
0.5 0.06 0.987298 -0.483846
0.5 0.09 0.985014 -0.493077
0.5 0.12 0.990561 -0.499429
0.5 0.15 0.987253 -0.483215
0.5 0.18 0.98735 -0.5122
0.5 0.21 0.987159 -0.517759
0.5 0.24 0.989458 -0.487693
0.5 0.27 0.990675 -0.511888
0.5 0.3 0.985418 -0.488069
0.5 0.33 0.978774 -0.524378
0.5 0.36 0.988034 -0.466931
0.5 0.39 0.986069 -0.495075
0.5 0.42 0.973746 -0.466187
0.5 0.45 0.965356 -0.800217
0.5 0.5 0.976079 -0.463159
0.47 0.5 0.991364 -0.466853
0.44 0.5 0.987857 -0.496794
0.41 0.5 0.979005 -0.471204
0.38 0.5 0.986272 -0.458739
0.35 0.5 0.98294 -0.447487
0.32 0.5 0.98188 -0.472111
0.29 0.5 0.986823 -0.504912
0.26 0.5 0.987335 -0.454866
0.23 0.5 0.988327 -0.470335
0.2 0.5 0.983676 -0.469565
0.17 0.5 0.988618 -0.503823
0.14 0.5 0.985396 -0.48276
0.11 0.5 0.980925 -0.492602
0.08 0.5 0.98698 -0.501856
0.05 0.5 0.956823 -0.831808
0 0.5 0.989384 -0.0084423
0 0.47 0.989833 -0.00340449
0 0.44 0.981081 -0.016323
0 0.41 0.986092 0.00709229
0 0.38 0.986866 -0.0250517
0 0.35 0.987178 0.00756827
0 0.32 0.9839 0.0177136
0 0.29 0.984753 0.00322291
0 0.26 0.981518 0.00639527
0 0.23 0.986789 -0.00472115
0 0.2 0.989908 0.0132537
0 0.17 0.988128 -0.0264372
0 0.14 0.989194 -0.00428301
0 0.11 0.983833 -0.00287987
0 0.08 0.988156 0.00197002
0 0.05 0.966268 0.0287923
