0 0 0.992016 -0.0159584
0.025 0 0.991452 -0.0305184
0.05 0 0.991299 -0.00613604
0.075 0 0.99084 -0.0398209
0.1 0 0.990102 -0.00969917
0.125 0 0.989291 -0.00742133
0.15 0 0.992727 -0.00607555
0.175 0 0.989251 -0.0200839
0.2 0 0.991295 -0.0309072
0.225 0 0.990741 -0.0368373
0.25 0 0.988518 0.00642927
0.275 0 0.98972 -0.0239898
0.3 0 0.990528 -0.05694
0.325 0 0.991749 -0.013022
0.35 0 0.99131 -0.0371054
0.375 0 0.991665 -0.0332866
0.4 0 0.993074 -0.0340834
0.425 0 0.993193 -0.0123282
0.45 0 0.989359 -0.0310077
0.475 0 0.988661 -0.00382546
0.5 0 0.991358 -0.397216
0.5 0.025 0.987178 -0.419167
0.5 0.05 0.989462 -0.407059
0.5 0.075 0.988374 -0.373954
0.5 0.1 0.989946 -0.404177
0.5 0.125 0.991544 -0.415857
0.5 0.15 0.988876 -0.424486
0.5 0.175 0.993106 -0.416271
0.5 0.2 0.991458 -0.417994
0.5 0.225 0.989145 -0.418904
0.5 0.25 0.988876 -0.41779
0.5 0.275 0.992651 -0.396929
0.5 0.3 0.983205 -0.423086
0.5 0.325 0.988045 -0.405533
0.5 0.35 0.991872 -0.407852
0.5 0.375 0.988601 -0.406235
0.5 0.4 0.992159 -0.398735
0.5 0.425 0.991368 -0.414948
0.5 0.45 0.986275 -0.419289
0.5 0.475 0.987531 -0.393407
0.5 0.5 0.98675 -0.381048
0.475 0.5 0.989943 -0.383544
0.45 0.5 0.99103 -0.399334
0.425 0.5 0.992863 -0.392581
0.4 0.5 0.988837 -0.360095
0.375 0.5 0.992599 -0.396723
0.35 0.5 0.991409 -0.383858
0.325 0.5 0.989762 -0.38336
0.3 0.5 0.990872 -0.38857
0.275 0.5 0.991506 -0.361986
0.25 0.5 0.99185 -0.380984
0.225 0.5 0.986384 -0.380896
0.2 0.5 0.989796 -0.370365
0.175 0.5 0.992358 -0.387879
0.15 0.5 0.991965 -0.37473
0.125 0.5 0.987863 -0.365412
0.1 0.5 0.984973 -0.354913
0.075 0.5 0.989826 -0.371108
0.05 0.5 0.990351 -0.344947
0.025 0.5 0.993703 -0.36337
0 0.5 0.992936 0.00810108
0 0.475 0.987129 -0.00442297
0 0.45 0.992712 0.0245388
0 0.425 0.990613 0.00773125
0 0.4 0.98947 -0.00504491
0 0.375 0.985864 0.021395
0 0.35 0.992214 -0.0197099
0 0.325 0.992001 0.00673075
0 0.3 0.991002 -0.0169384
0 0.275 0.991242 0.00707417
0 0.25 0.988987 0.0148995
0 0.225 0.989681 -0.000820855
0 0.2 0.992467 -0.016312
0 0.175 0.991509 -0.00400311
0 0.15 0.991442 0.0168491
0 0.125 0.989219 -0.00963427
0 0.1 0.988337 -0.0173916
0 0.075 0.992283 0.00633669
0 0.05 0.991692 -0.00480208
0 0.025 0.989323 0.00815207
