0 0 0.9987 -0.00345484
0.01 0 0.998733 -0.00244833
0.02 0 0.99868 0.0031687
0.03 0 0.998658 -0.00524442
0.04 0 0.998243 -0.00650649
0.05 0 0.9983 0.00777649
0.06 0 0.998383 -0.00195374
0.07 0 0.998995 -0.00577478
0.08 0 0.998681 -0.00519289
0.09 0 0.99829 0.00564801
0.1 0 0.998206 -0.00184382
0.11 0 0.998386 -0.0066971
0.12 0 0.998333 0.00148618
0.13 0 0.998421 -0.005431
0.14 0 0.9984 -0.00731838
0.15 0 0.997945 -0.000219466
0.16 0 0.998434 0.00342773
0.17 0 0.998983 0.00266798
0.18 0 0.998754 0.00179889
0.19 0 0.998432 0.0027467
0.2 0 0.997972 0.00201542
0.21 0 0.998993 -0.00463889
0.22 0 0.998486 0.00106598
0.23 0 0.998637 -0.00268554
0.24 0 0.998941 -0.0016742
0.25 0 0.998501 0.00410596
0.26 0 0.99881 0.00902063
0.27 0 0.998819 0.00537215
0.28 0 0.998213 -0.00608738
0.29 0 0.998701 -0.004998
0.3 0 0.998186 0.00450257
0.31 0 0.998493 -0.00105842
0.32 0 0.99833 -0.00128094
0.33 0 0.99856 -0.00322608
0.34 0 0.998779 0.00316753
0.35 0 0.998326 0.00428508
0.36 0 0.998043 -0.0129796
0.37 0 0.99851 0.00508872
0.38 0 0.998495 -0.00303279
0.39 0 0.997453 -0.000987281
0.4 0 0.998866 -0.0035044
0.41 0 0.998141 0.00759984
0.42 0 0.998679 0.00505131
0.43 0 0.996809 -0.00248497
0.44 0 0.998124 -0.00112698
0.45 0 0.998549 -0.00688948
0.46 0 0.998776 -0.0104987
0.47 0 0.99835 0.000614115
0.48 0 0.998351 -0.00755831
0.49 0 0.998239 -0.000162918
0.5 0 0.998561 -0.163929
0.5 0.01 0.998594 -0.162122
0.5 0.02 0.998369 -0.154279
0.5 0.03 0.998332 -0.167489
0.5 0.04 0.998698 -0.158577
0.5 0.05 0.997686 -0.166801
0.5 0.06 0.998246 -0.163403
0.5 0.07 0.998479 -0.162922
0.5 0.08 0.99876 -0.156296
0.5 0.09 0.998239 -0.166803
0.5 0.1 0.996233 -0.165988
0.5 0.11 0.998324 -0.157864
0.5 0.12 0.996722 -0.159546
0.5 0.13 0.998637 -0.159207
0.5 0.14 0.998536 -0.157826
0.5 0.15 0.998924 -0.162107
0.5 0.16 0.998705 -0.160647
0.5 0.17 0.998761 -0.159911
0.5 0.18 0.998352 -0.169466
0.5 0.19 0.998452 -0.16695
0.5 0.2 0.998483 -0.161885
0.5 0.21 0.998558 -0.159264
0.5 0.22 0.998624 -0.158962
0.5 0.23 0.998556 -0.168607
0.5 0.24 0.998207 -0.15902
0.5 0.25 0.99835 -0.15965
0.5 0.26 0.997849 -0.16059
0.5 0.27 0.998033 -0.159568
0.5 0.28 0.998662 -0.158822
0.5 0.29 0.99854 -0.16423
0.5 0.3 0.998937 -0.169161
0.5 0.31 0.998435 -0.15702
0.5 0.32 0.998677 -0.165175
0.5 0.33 0.998469 -0.161882
0.5 0.34 0.998631 -0.164634
0.5 0.35 0.998397 -0.165048
0.5 0.36 0.998351 -0.154406
0.5 0.37 0.998402 -0.164074
0.5 0.38 0.998496 -0.158321
0.5 0.39 0.998334 -0.158364
0.5 0.4 0.996635 -0.162046
0.5 0.41 0.997507 -0.156137
0.5 0.42 0.998722 -0.158952
0.5 0.43 0.998386 -0.161594
0.5 0.44 0.998708 -0.162206
0.5 0.45 0.997641 -0.160597
0.5 0.46 0.998763 -0.166018
0.5 0.47 0.998591 -0.161867
0.5 0.48 0.998586 -0.168248
0.5 0.49 0.998398 -0.161098
0.5 0.5 0.998824 -0.161839
0.5 0.51 0.998269 -0.15719
0.5 0.52 0.998916 -0.166537
0.5 0.53 0.998642 -0.160759
0.5 0.54 0.998827 -0.162301
0.5 0.55 0.998707 -0.16621
0.5 0.56 0.998737 -0.160531
0.5 0.57 0.998771 -0.166447
0.5 0.58 0.998772 -0.152821
0.5 0.59 0.997933 -0.167884
0.5 0.6 0.998726 -0.167622
0.5 0.61 0.99896 -0.165027
0.5 0.62 0.998322 -0.165594
0.5 0.63 0.998011 -0.16178
0.5 0.64 0.99864 -0.161059
0.5 0.65 0.997819 -0.171397
0.5 0.66 0.999037 -0.161057
0.5 0.67 0.998553 -0.160606
0.5 0.68 0.998842 -0.167401
0.5 0.69 0.998384 -0.166761
0.5 0.7 0.998349 -0.21719
0.49 0.7 0.998884 -0.221545
0.48 0.7 0.99823 -0.22333
0.47 0.7 0.998381 -0.233551
0.46 0.7 0.999047 -0.233023
0.45 0.7 0.998036 -0.22307
0.44 0.7 0.998529 -0.224072
0.43 0.7 0.99865 -0.220717
0.42 0.7 0.998627 -0.224574
0.41 0.7 0.998754 -0.225245
0.4 0.7 0.998591 -0.22259
0.39 0.7 0.997797 -0.233143
0.38 0.7 0.998833 -0.221864
0.37 0.7 0.998782 -0.230177
0.36 0.7 0.99864 -0.224473
0.35 0.7 0.998762 -0.230034
0.34 0.7 0.99863 -0.233532
0.33 0.7 0.998504 -0.229048
0.32 0.7 0.998762 -0.228804
0.31 0.7 0.998753 -0.235894
0.3 0.7 0.998242 -0.227912
0.29 0.7 0.998668 -0.222757
0.28 0.7 0.996265 -0.228842
0.27 0.7 0.998688 -0.213507
0.26 0.7 0.99789 -0.231481
0.25 0.7 0.997375 -0.227162
0.24 0.7 0.99777 -0.233121
0.23 0.7 0.99765 -0.235511
0.22 0.7 0.998555 -0.222039
0.21 0.7 0.998327 -0.233427
0.2 0.7 0.998553 -0.230495
0.19 0.7 0.998702 -0.229681
0.18 0.7 0.99866 -0.229909
0.17 0.7 0.99491 -0.226567
0.16 0.7 0.998197 -0.223995
0.15 0.7 0.998911 -0.229194
0.14 0.7 0.998638 -0.228986
0.13 0.7 0.998407 -0.230969
0.12 0.7 0.998302 -0.231229
0.11 0.7 0.998379 -0.235658
0.1 0.7 0.998423 -0.222835
0.09 0.7 0.998679 -0.220725
0.08 0.7 0.99818 -0.230145
0.07 0.7 0.99842 -0.228418
0.06 0.7 0.998037 -0.21698
0.05 0.7 0.99772 -0.227379
0.04 0.7 0.998699 -0.225842
0.03 0.7 0.998907 -0.224548
0.02 0.7 0.997709 -0.236006
0.01 0.7 0.998575 -0.229042
0 0.7 0.998704 -0.00101612
0 0.69 0.997198 -0.00110954
0 0.68 0.998204 0.000192449
0 0.67 0.998264 -0.00895648
0 0.66 0.99854 0.00416505
0 0.65 0.99777 -0.00514096
0 0.64 0.998293 0.00274009
0 0.63 0.998888 -0.00467735
0 0.62 0.997606 -0.00776761
0 0.61 0.997108 -0.000827226
0 0.6 0.998352 0.00123784
0 0.59 0.998359 0.00802266
0 0.58 0.998635 -0.0010581
0 0.57 0.998455 -0.00338296
0 0.56 0.998801 0.00282693
0 0.55 0.998371 0.00626074
0 0.54 0.998641 -0.00984044
0 0.53 0.998468 0.00465078
0 0.52 0.998864 -0.00145253
0 0.51 0.998146 0.00235502
0 0.5 0.998058 -0.00749608
0 0.49 0.998309 0.00449066
0 0.48 0.998765 0.00159422
0 0.47 0.997253 0.000623299
0 0.46 0.998882 0.00506718
0 0.45 0.99837 0.00324327
0 0.44 0.998852 -4.82756e-05
0 0.43 0.998721 0.00340483
0 0.42 0.998576 -0.000324082
0 0.41 0.998533 -0.000394257
0 0.4 0.998657 -0.00446678
0 0.39 0.998638 -0.00197836
0 0.38 0.998839 0.00326823
0 0.37 0.998515 0.00232471
0 0.36 0.998743 -0.00846274
0 0.35 0.998701 -0.00205403
0 0.34 0.998651 -0.000322754
0 0.33 0.99852 -0.00163046
0 0.32 0.998194 -0.000835328
0 0.31 0.99926 0.000978881
0 0.3 0.997984 -0.00141875
0 0.29 0.997501 0.0146018
0 0.28 0.99815 -0.000709408
0 0.27 0.998074 0.00676394
0 0.26 0.997904 0.00653923
0 0.25 0.998135 -0.00577862
0 0.24 0.997681 -0.00343092
0 0.23 0.998116 -0.00113155
0 0.22 0.998329 0.00353628
0 0.21 0.998778 -0.00193242
0 0.2 0.998676 0.000449591
0 0.19 0.998688 0.00132325
0 0.18 0.998187 -0.00448618
0 0.17 0.99817 0.00344587
0 0.16 0.998021 0.00343712
0 0.15 0.998333 0.00203947
0 0.14 0.998306 0.00733333
0 0.13 0.998668 -0.00713158
0 0.12 0.997291 -0.00122478
0 0.11 0.998285 -0.000467994
0 0.1 0.998775 0.00102147
0 0.09 0.998792 3.44641e-05
0 0.08 0.998689 0.00313969
0 0.07 0.998129 0.00482125
0 0.06 0.998315 0.00260921
0 0.05 0.998486 -0.00309984
0 0.04 0.998481 0.0113607
0 0.03 0.998754 0.00246398
0 0.02 0.998594 -0.000549141
0 0.01 0.998515 7.94536e-05
