1 15177.5 15177.2 0.0756879 222583 222578 11.4911 
2 15177.4 15177.2 0.0756879 222574 222578 11.4911 
3 15177.4 15177.2 0.0756879 222575 222578 11.4911 
4 15177.4 15177.2 0.0756879 222576 222578 11.4911 
5 15177.4 15177.2 0.0756879 222572 222578 11.4911 
6 15177.5 15177.2 0.0756879 222570 222578 11.4911 
7 15177.4 15177.2 0.0756879 222572 222578 11.4911 
8 15177.4 15177.2 0.0756879 222574 222578 11.4911 
9 15177.2 15177.2 0.0756879 222577 222578 11.4911 
10 15177.3 15177.2 0.0756879 222576 222578 11.4911 
