3 0 3 1   0.348254   3.41142   -0.470665
3 0 3 -1   0.106031   1.87073   -0.470665

3 1 2 2   0.237277   3.57149   -0.461842
3 1 3 0   0.163534   3.47817   -0.461842

2 2 1 3   0.022039   0.41822   -0.477886
2 2 3 1   0.397381   3.56745   -0.477886

1 3 0 3   0.191492   2.44675   -0.448849
1 3 2 2   0.113566   3.27769   -0.448849

0 3 -1 3   0.288774   2.77095   -0.447318
0 3 1 3   0.202274   2.88604   -0.447318

-1 3 -2 2   0.210702   2.85671   -0.458272
-1 3 0 3   0.341152   3.70781   -0.458272

-2 2 -3 1   0.114151   1.92667   -0.463742
-2 2 -1 3   0.163699   3.38288   -0.463742

-3 1 -3 0   0.273969   3.37304   -0.463699
-3 1 -2 2   0.112118   1.29304   -0.463699

-3 0 -3 -1   0.251753   2.75818   -0.476419
-3 0 -3 1   0.188553   3.04214   -0.476419

-3 -1 -2 -2   0.183758   3.22175   -0.477353
-3 -1 -3 0   0.284039   3.16733   -0.477353

-2 -2 -1 -3   0.237471   3.61789   -0.479093
-2 -2 -3 -1   0.0407496   2.62051   -0.479093

-1 -3 0 -3   0.387997   3.97169   -0.463517
-1 -3 -2 -2   0.127118   3.83984   -0.463517

0 -3 1 -3   0.0562873   3.01576   -0.448244
0 -3 -1 -3   0.214999   3.05473   -0.448244

1 -3 2 -2   0.251648   2.6314   -0.470744
1 -3 0 -3   0.341701   3.62844   -0.470744

2 -2 3 -1   0.0294776   1.37821   -0.461
2 -2 1 -3   0.204119   1.70638   -0.461

3 -1 3 0   0.0490066   2.26466   -0.462609
3 -1 2 -2   0.253739   3.2064   -0.462609

