Ne = 10 length[0] = 0.5 length[1] = 0.8
b = 0berrymatrix_step = 
(0.998694,-0.00345034)  (-0.195787,0.0984182) (0.0629897,-0.0172192)
 (-0.187234,-0.147436) (0.998672,-0.00624336)  (-0.0304391,0.027018)
 (0.0844951,0.0257729) (-0.231483,-0.0102826)    (0.998162,-0.02662)
b = 1berrymatrix_step = 
 (0.99873,-0.00244523) (-0.0579725,0.0596012) (-0.0219999,-0.043532)
(-0.171596,-0.0367031) (0.998466,-0.00755334)    (-0.182929,0.11847)
 (0.0477837,0.0191471)  (-0.138013,-0.182843)  (0.998044,-0.0272346)
b = 2berrymatrix_step = 
 (0.998675,0.00316451)   (-0.15196,0.0584864)   (0.085952,0.0796145)
(-0.313689,-0.0333758)   (0.998942,-0.019209)   (-0.291493,0.109131)
(0.0554764,-0.0323836) (-0.218195,-0.0147291)  (0.998382,-0.0259766)
b = 3berrymatrix_step = 
(0.998644,-0.00523736) (-0.0944942,0.0835633)  (0.0412493,0.0748463)
(-0.154557,-0.0225479)   (0.998916,-0.012383)  (-0.115654,0.0547267)
 (0.0054436,0.0626119)  (-0.204348,0.0673142)   (0.99856,-0.0160688)
b = 4berrymatrix_step = 
(0.998222,-0.00649501) (-0.0578039,0.0917906)   (0.112853,-0.127781)
 (-0.199621,0.0379092)   (0.998178,-0.018374)  (-0.227611,-0.104983)
  (0.016498,-0.107585) (-0.153357,-0.0305227)  (0.998691,-0.0230934)
b = 5berrymatrix_step = 
   (0.998269,0.00776319)    (-0.110479,0.0406586) (-0.00923245,-0.0351519)
  (-0.144617,-0.0421952)     (0.9985,-0.00907505)    (-0.199633,0.0321302)
  (-0.0705092,0.0120037)    (-0.082445,0.0521004)    (0.998451,-0.0281668)
b = 6berrymatrix_step = 
(0.998381,-0.00195058)  (-0.233953,0.0901713)   (0.045446,0.0265935)
(-0.0843944,0.0368246)  (0.998222,-0.0218274)   (-0.145582,-0.14792)
 (0.0100257,0.0175105)   (-0.093828,-0.16472)  (0.998234,-0.0219599)
b = 7berrymatrix_step = 
(0.998978,-0.00576894) (-0.149813,-0.0998589)   (0.0233243,0.117171)
 (-0.175681,0.0332919)  (0.998449,-0.0149343)  (-0.038869,0.0317388)
(-0.100581,-0.0400637) (-0.119827,-0.0261639)  (0.998485,-0.0253181)
b = 8berrymatrix_step = 
(0.998668,-0.00518602) (-0.192966,-0.0641504)  (0.0861693,0.0797566)
(-0.0167468,0.0338313)  (0.998144,-0.0011965)  (-0.201077,0.0875139)
 (-0.123229,0.0291397)   (-0.108315,0.157004)   (0.99852,-0.0168122)
b = 9berrymatrix_step = 
 (0.998274,0.00563832) (-0.160407,-0.0841124) (-0.0459935,0.0105473)
 (-0.0203602,0.216087)  (0.998372,-0.0128292) (-0.121145,-0.0737306)
(0.00613513,0.0521927)   (-0.141987,0.111935)  (0.998425,-0.0223496)
b = 10berrymatrix_step = 
 (0.998204,-0.00184051)  (-0.118915,-0.0843565)  (-0.0326209,0.0335426)
(-0.0925257,-0.0106503)   (0.998618,-0.0106011)   (-0.168831,0.0755762)
(-0.0402771,-0.0693571)  (-0.253661,-0.0554006)   (0.997984,-0.0253532)
b = 11berrymatrix_step = 
  (0.998364,-0.00668624)     (-0.14784,0.0515913)   (0.0143124,0.00849285)
(-0.00913165,-0.0730937)    (0.998589,-0.0109796)     (-0.15832,0.0083341)
  (0.0414106,-0.0830477)    (-0.200395,-0.020492)    (0.998165,-0.0147824)
b = 12berrymatrix_step = 
   (0.998332,0.0014837) (-0.0884655,-0.0033043)   (0.121697,-0.0958397)
 (-0.0543503,0.0515079)     (0.998865,-0.01436) (-0.0960737,-0.0621494)
 (0.0174846,-0.0233744)  (-0.0733792,0.0350772)   (0.997412,-0.0245901)
b = 13berrymatrix_step = 
 (0.998406,-0.00542239)   (-0.0233339,0.110532) (-0.00478497,0.0809145)
(-0.0563427,-0.0411345)   (0.997562,0.00202123)   (-0.171434,0.0138317)
 (-0.197842,-0.0932633) (-0.0522669,-0.0368373)   (0.998242,-0.0171126)
b = 14berrymatrix_step = 
  (0.998373,-0.0073066)   (-0.126888,0.0286045) (-0.00134354,0.0546154)
 (-0.203924,-0.0696732)   (0.998694,-0.0160589)    (-0.12247,0.0363639)
   (0.163479,0.0693445)    (-0.135021,0.125795)    (0.99846,-0.0128723)
b = 15berrymatrix_step = 
(0.997945,-0.000219015)   (-0.20539,-0.0300858)  (-0.0277493,0.0264494)
   (-0.142021,0.136227)  (0.998457,-0.00838371)  (-0.130122,-0.0619452)
(-0.0581204,-0.0205531) (-0.0330334,-0.0124922)   (0.998141,-0.0075693)
b = 16berrymatrix_step = 
   (0.998428,0.00342235)   (-0.117629,-0.0521075)  (-0.0721671,-0.0357416)
  (-0.0774004,0.0450159)   (0.998209,-0.00670293) (-0.118692,-3.80597e-06)
 (-0.0357087,-0.0825726)     (-0.103456,0.138208)     (0.99851,-0.0213709)
b = 17berrymatrix_step = 
  (0.998979,0.00266526)    (-0.189728,0.112008) (-0.0983709,-0.0212792)
 (-0.0984222,-0.053478)     (0.9969,0.00172269)  (-0.0392699,0.0941803)
 (0.0348131,-0.0714494)  (-0.104473,-0.0211682)    (0.99791,-0.0189839)
b = 18berrymatrix_step = 
  (0.998752,0.00179665) (-0.183624,-0.00448622)  (0.0494191,0.00696498)
 (-0.0614522,0.0981572)   (0.998421,-0.0166512)    (-0.170324,0.094461)
  (0.0309972,0.0905288)   (-0.122169,0.0238925)   (0.998667,-0.0148062)
b = 19berrymatrix_step = 
 (0.998428,0.00274239) (-0.0610324,0.0534218)    (-0.125785,0.12552)
(-0.140501,0.00889468)  (0.998668,-0.0127446)  (-0.198064,-0.084657)
 (0.0222489,0.0208188)  (-0.17918,-0.0866503)  (0.998434,-0.0152975)
b = 20berrymatrix_step = 
   (0.99797,0.00201134)   (-0.146164,0.0688171) (-0.0419962,0.00479637)
  (-0.105903,0.0779787)    (0.997866,-0.018102)  (-0.081604,-0.0765925)
  (0.0064537,0.0256005)    (-0.285461,0.145864)   (0.997673,-0.0200021)
b = 21berrymatrix_step = 
(0.998982,-0.00463421) (-0.245149,0.00732827)  (0.0820565,0.0856912)
 (-0.177156,-0.161301)  (0.998231,-0.0156488) (-0.111293,-0.0329824)
  (0.016012,-0.217533) (-0.104145,-0.0147915)   (0.99759,-0.0256487)
b = 22berrymatrix_step = 
   (0.998486,0.00106437)   (-0.108007,0.00866611) (0.0400781,-0.000494606)
   (-0.209755,0.0136872)   (0.998456,-0.00991888)     (-0.210623,0.178028)
(-0.00762741,0.00342729)   (-0.134945,0.00765844)    (0.997809,-0.0199894)
b = 23berrymatrix_step = 
 (0.998634,-0.00268187)  (-0.159969,-0.0220236)  (0.0223732,-0.0089889)
  (-0.14025,-0.0286562)    (0.99885,-0.0110167) (-0.00773339,0.0376383)
(-0.0280646,-0.0964311)    (-0.195459,0.164055)    (0.99818,-0.0267099)
b = 24berrymatrix_step = 
  (0.99894,-0.00167242)   (-0.103078,0.0484558)  (-0.0840409,-0.114911)
(-0.253304,-0.00796571)   (0.998573,-0.0155758)    (-0.180952,0.054878)
 (-0.0730681,0.0311545) (-0.0611036,-0.0678975)   (0.997808,-0.0252261)
b = 25berrymatrix_step = 
  (0.998493,0.00409979) (-0.155916,0.000307297) (-0.00597595,0.0786449)
  (-0.117388,-0.112193)   (0.998055,-0.0135936)    (-0.168825,0.193454)
 (-0.0255455,0.0266248)  (-0.239155,-0.0996603)   (0.998561,-0.0244624)
b = 26berrymatrix_step = 
  (0.998769,0.00900977)  (-0.0529676,0.0398445)    (0.0224734,0.104122)
  (-0.111506,0.0745136)   (0.998145,-0.0102669) (-0.0680179,-0.0870502)
(-0.0538749,-0.0617814) (-0.291532,-0.00185059)   (0.998136,-0.0268547)
b = 27berrymatrix_step = 
  (0.998805,0.00536578)   (-0.0573381,0.194501) (-0.0579886,-0.0351251)
  (-0.158845,-0.102028)   (0.998508,-0.0042425)   (-0.167818,0.0404209)
 (-0.113071,-0.0515029)   (-0.149614,0.0947612)   (0.998326,-0.0254325)
b = 28berrymatrix_step = 
 (0.998194,-0.00607647) (-0.0037986,-0.0661843) (-0.0516514,-0.0302592)
(-0.190764,-0.00840532)   (0.998362,-0.0104844)    (-0.146271,-0.02909)
   (0.115235,0.0261679) (-0.0634655,-0.0492554)   (0.998155,-0.0274346)
b = 29berrymatrix_step = 
 (0.998688,-0.00499148) (-0.0992206,-0.0655387)    (0.057541,0.0759764)
   (-0.107055,0.133268)  (0.998236,-0.00613526)   (-0.013145,-0.075462)
 (-0.129312,-0.0516936)    (-0.022762,0.110985)   (0.997672,-0.0236788)
b = 30berrymatrix_step = 
  (0.998176,0.00449439) (-0.0153764,-0.0332706) (0.00166184,0.00880642)
(-0.0436887,-0.0176705)   (0.998561,0.00445635)   (-0.112486,0.0362618)
   (0.161893,0.0119834) (-0.0750793,-0.0474445)   (0.998181,-0.0228414)
b = 31berrymatrix_step = 
(0.998492,-0.00105683) (-0.169889,-0.0884444) (-0.0805547,-0.073392)
 (-0.0601629,0.048015) (0.998745,-0.00895086) (-0.0281376,-0.146821)
(0.00955718,-0.142541)   (-0.175839,0.044514)  (0.998174,-0.0279891)
b = 32berrymatrix_step = 
  (0.998329,-0.0012788) (-0.0271155,-0.0623221)   (0.0998012,0.0420893)
   (-0.0488334,-0.2511)  (0.998311,-0.00498444)   (0.0166582,0.0372995)
(-0.0648149,-0.0872847)   (-0.207368,-0.046073)   (0.998274,-0.0215035)
b = 33berrymatrix_step = 
(0.998555,-0.00322143)    (-0.10705,0.154679)  (0.0552593,0.0229335)
 (-0.0307685,0.058827)  (0.998545,-0.0180446)  (-0.137101,0.0405544)
(0.0218087,-0.0603339)  (-0.204896,0.0254002)  (0.998051,-0.0231564)
b = 34berrymatrix_step = 
 (0.998774,0.00316366) (-0.0523109,0.0696079)  (-0.065834,0.0383326)
 (0.074044,0.00579083)  (0.997722,-0.0266044) (-0.0180525,0.0814307)
(0.0903889,-0.0614157) (-0.146611,-0.0503417)  (0.998209,-0.0190233)
b = 35berrymatrix_step = 
   (0.998317,0.0042779)  (0.0111898,-0.0741599)  (-0.0731924,-0.131881)
  (-0.116784,0.0143729)  (0.998652,-0.00563664)    (-0.20143,0.0285691)
 (0.0107483,-0.0459208) (-0.0177486,-0.0523827)   (0.998352,-0.0218483)
b = 36berrymatrix_step = 
  (0.997959,-0.0129539)   (-0.21774,-0.0126179) (-0.00904401,-0.127993)
 (-0.160718,-0.0403496)    (0.9987,-0.00816636) (-0.0460898,-0.0899479)
(0.00306439,-0.0149259)   (-0.105373,-0.143154)    (0.99819,-0.0197726)
b = 37berrymatrix_step = 
 (0.998497,0.00508111) (-0.207137,0.00528004)  (-0.0221029,0.105947)
(-0.228337,-0.0275974)  (0.998537,-0.0144376) (-0.0785884,0.0347304)
(-0.00989826,0.116302)   (-0.20783,0.0911344)  (0.996592,-0.0357597)
b = 38berrymatrix_step = 
  (0.99849,-0.00302822) (-0.0746295,-0.0505762)     (0.0246617,0.03873)
  (-0.139747,0.0120102)    (0.998546,-0.013471)   (-0.123995,-0.123473)
(-0.00188811,-0.011903)  (-0.283752,-0.0676695)   (0.998279,-0.0175965)
b = 39berrymatrix_step = 
(0.997453,-0.000984766)  (-0.0832892,0.0802185)  (-0.0054306,0.0917442)
(-0.0989143,0.00671875)   (0.998012,-0.0111031)  (-0.185732,-0.0433171)
 (-0.160775,-0.0901157)    (-0.118341,0.118271)   (0.998878,-0.0183545)
b = 40berrymatrix_step = 
  (0.99886,-0.00350041) (-0.0775363,-0.0181107) (-0.00122814,0.0243257)
  (-0.0769365,0.039756)   (0.998369,-0.0167512)  (-0.0553066,-0.119319)
(-0.0279966,0.00976765)   (-0.112415,-0.162503)   (0.996968,-0.0199074)
b = 41berrymatrix_step = 
 (0.998112,0.00758563)  (0.0835265,-0.070529) (-0.00292131,0.100749)
(-0.107685,-0.0496883)   (0.99876,-0.0145598)  (-0.03268,-0.0447125)
  (0.0849618,-0.09642)  (-0.105296,0.0568141)  (0.998262,-0.0239876)
b = 42berrymatrix_step = 
  (0.998667,0.00504462)  (-0.132643,-0.0410923)   (0.0186757,0.0439897)
(-0.0564335,0.00800371)  (0.998273,-0.00516023)    (-0.15015,0.0916619)
(-0.0336678,-0.0604586)  (-0.110765,-0.0217594)    (0.99896,-0.0171251)
b = 43berrymatrix_step = 
  (0.996806,-0.00247704)   (-0.0617474,0.0865908)     (0.016863,0.0470335)
    (-0.13101,0.0311784)    (0.997767,-0.0175854) (-0.0786907,-0.00932341)
    (-0.0417492,0.05119)   (-0.103588,-0.0749138)    (0.998649,-0.0165434)
b = 44berrymatrix_step = 
 (0.998124,-0.00112487)   (-0.108533,0.0157033)   (0.0370704,-0.015307)
  (-0.123035,0.0739013)  (0.998488,-0.00951452)  (-0.0733971,-0.185179)
(-0.0117771,-0.0515569)   (-0.143812,0.0496597)   (0.998494,-0.0235149)
b = 45berrymatrix_step = 
(0.998525,-0.00687943)  (-0.121031,0.0161699)  (0.039613,-0.0482314)
 (-0.094072,-0.058366)  (0.998409,-0.0189446)  (-0.16796,-0.0445097)
(-0.0576249,0.0904779) (-0.0883156,0.0411626)  (0.998186,-0.0190864)
b = 46berrymatrix_step = 
  (0.998721,-0.0104856)   (-0.102895,0.0298384)  (0.0385849,-0.0923485)
(-0.0564771,-0.0636212)  (0.998309,-0.00947992)   (-0.0981273,0.126626)
 (0.0278879,-0.0682502) (-0.0585429,0.00512629)   (0.998089,-0.0243345)
b = 47berrymatrix_step = 
 (0.99835,0.000613102)  (-0.122087,0.0239854) (-0.0473565,0.0262011)
 (-0.109398,0.0063588)  (0.998024,-0.0153259)  (-0.168801,-0.135161)
  (-0.1172,-0.0839377) (-0.109848,-0.0366978)  (0.998617,-0.0207304)
b = 48berrymatrix_step = 
(0.998322,-0.00754578)  (-0.120641,0.0428527)  (0.0704089,0.0527151)
(-0.0911641,0.0029485)    (0.99858,-0.017637) (0.00992571,-0.090115)
(0.0924645,-0.0828286) (-0.0226575,0.0358433)  (0.998181,-0.0234637)
b = 49berrymatrix_step = 
(0.998239,-0.000162631)   (-0.119253,0.0411988)  (0.0796107,-0.0857269)
 (-0.117762,-0.0983918)  (0.998698,-0.00893347)   (-0.133434,-0.118088)
   (0.111315,0.0104899)   (-0.119865,0.0285417)   (0.998411,-0.0218169)
b = 50berrymatrix_step = 
   (0.985174,-0.162961)    (-0.20096,0.0683998)  (0.0682398,-0.0939153)
  (-0.075525,0.0910293)     (0.986558,-0.15634)    (-0.14174,-0.115277)
(-0.0117173,-0.0435115)  (-0.142825,-0.0374072)    (0.984847,-0.163097)
b = 51berrymatrix_step = 
    (0.985499,-0.161186) (-0.0798176,-0.00421948)    (0.0238686,0.0655206)
  (-0.0762833,0.0168835)      (0.98607,-0.156253)   (-0.0707537,0.0261595)
   (-0.166731,-0.110418)      (-0.153863,0.13919)     (0.986261,-0.154938)
b = 52berrymatrix_step = 
   (0.986511,-0.153417) (-0.0699338,-0.0382704)  (-0.0508069,0.0903152)
  (-0.215531,0.0993955)    (0.986253,-0.157735)   (-0.124607,0.0652576)
    (0.126375,0.137465)  (-0.122229,-0.0281026)    (0.985567,-0.159281)
b = 53berrymatrix_step = 
   (0.984362,-0.166429)   (-0.0761087,0.100524) (-0.0285071,-0.0234744)
 (-0.0407549,0.0207515)    (0.986172,-0.157729)   (-0.119749,0.0170472)
   (0.173385,0.0375825) (-0.0127326,-0.0395316)    (0.985647,-0.160911)
b = 54berrymatrix_step = 
    (0.986167,-0.157708)     (-0.18578,0.0819441)     (0.018977,-0.141068)
  (-0.0281113,-0.053724)     (0.985453,-0.160369) (-0.000184043,0.0555718)
   (-0.141424,0.0880505)     (-0.257332,0.120251)     (0.984739,-0.160266)
b = 55berrymatrix_step = 
   (0.983839,-0.165644)  (-0.0827152,0.0314153) (-0.00337382,0.0230506)
 (-0.182999,-0.0201765)    (0.985595,-0.160256)    (-0.157379,0.112515)
  (0.0500938,0.0772715) (-0.0457746,-0.0196574)    (0.985245,-0.163727)
b = 56berrymatrix_step = 
   (0.984949,-0.162392)  (-0.0706728,0.0921067)    (0.170449,0.0358087)
 (-0.0766593,0.0532709)    (0.984907,-0.164198) (-0.0279486,-0.0621219)
   (0.149755,0.0425249)    (-0.0270175,0.11901)    (0.984158,-0.166795)
b = 57berrymatrix_step = 
   (0.985257,-0.161956)   (-0.139997,0.0669571)   (-0.108405,0.0132292)
 (-0.0313286,-0.152357)    (0.982808,-0.165268)    (-0.0920797,0.15447)
(-0.0207848,-0.0600451)  (-0.0568771,0.0610344)     (0.983422,-0.17058)
b = 58berrymatrix_step = 
   (0.986586,-0.155467)  (-0.123733,-0.0176339)   (0.0525678,0.0860489)
  (-0.109885,0.0331125)    (0.986308,-0.154892)   (-0.149825,-0.168664)
(-0.0842688,-0.0225343)   (-0.161941,0.0711834)    (0.986725,-0.155218)
b = 59berrymatrix_step = 
  (0.984384,-0.165738) (-0.0196218,-0.133282)  (-0.0488948,0.103256)
(-0.147026,0.00104014)   (0.984857,-0.163732)  (-0.122809,0.0740759)
 (0.147541,-0.0506759)  (-0.273662,0.0843531)   (0.985041,-0.165015)
b = 60berrymatrix_step = 
  (0.982541,-0.164604) (-0.0633749,0.0657095)   (0.0751129,0.177846)
 (-0.166158,0.0109752)   (0.983396,-0.171304)  (-0.16568,0.00559748)
   (0.138721,0.028246)  (-0.213273,0.0239655)   (0.986039,-0.157005)
b = 61berrymatrix_step = 
   (0.98591,-0.156946)  (-0.0902922,0.135257) (0.0259231,-0.0569628)
(0.0349219,-0.0474211)   (0.983936,-0.167666)   (0.0246638,0.056474)
 (0.0806905,0.0603493) (-0.137446,-0.0363845)   (0.986267,-0.155779)
b = 62berrymatrix_step = 
  (0.984063,-0.158349)  (-0.237827,0.0698203) (0.00544119,0.0142806)
(-0.0750784,0.0527878)    (0.984721,-0.16635)   (-0.12487,-0.130213)
 (-0.102556,0.0566955)  (-0.154101,-0.137586)   (0.985847,-0.159377)
b = 63berrymatrix_step = 
   (0.986008,-0.158319)   (-0.109133,0.0279091) (-0.0534149,-0.0403739)
    (-0.214664,0.10486)    (0.984106,-0.167719)   (-0.142068,0.0761692)
   (0.017251,-0.128052) (-0.0675288,-0.0661434)    (0.984969,-0.162728)
b = 64berrymatrix_step = 
   (0.986125,-0.156942)   (-0.12727,-0.0915672) (-0.0536945,0.00995068)
  (-0.180623,0.0189927)     (0.98536,-0.161987)    (-0.11085,0.0198034)
 (-0.0358065,0.0599527)   (-0.053512,0.0890712)    (0.986529,-0.154407)
b = 65berrymatrix_step = 
   (0.985828,-0.161225)  (-0.103332,-0.0268155) (-0.0430599,-0.0132425)
  (-0.125886,0.0188015)    (0.986342,-0.155949)   (-0.114792,0.0156644)
  (0.158746,-0.0456727)   (-0.126428,0.0227239)    (0.986727,-0.152331)
b = 66berrymatrix_step = 
   (0.985845,-0.159749)    (-0.191467,0.052502)  (-0.127327,-0.0186534)
  (-0.199629,-0.047419)    (0.983732,-0.165188) (-0.0678829,0.00833699)
(0.00740336,-0.0729239)  (-0.134349,-0.0591899)    (0.986008,-0.159379)
b = 67berrymatrix_step = 
   (0.986019,-0.159033)  (-0.169429,-0.0484677) (-0.0347023,-0.0667874)
 (-0.216422,-0.0377743)     (0.98383,-0.161179)   (-0.155193,0.0841802)
  (-0.11524,-0.0425031)    (0.0616605,0.116483)    (0.985343,-0.163223)
b = 68berrymatrix_step = 
    (0.98405,-0.168378)   (-0.200068,0.0710304) (-0.0164541,-0.0762054)
  (-0.0521542,0.109644)    (0.985411,-0.160903)   (-0.203904,-0.124698)
(-0.0639366,-0.0151035)   (-0.165842,0.0231414)    (0.983954,-0.172697)
b = 69berrymatrix_step = 
    (0.98457,-0.165918) (-0.0554659,-0.0126517)  (-0.0633923,-0.108303)
  (-0.198777,0.0154982)    (0.985648,-0.161153)   (-0.232644,0.0533979)
 (0.0530628,-0.0968797) (-0.0290937,-0.0297144)     (0.986124,-0.15573)
b = 70berrymatrix_step = 
   (0.985428,-0.160934)  (-0.108772,-0.0551901)    (-0.0845989,0.01534)
   (-0.142616,0.045801)     (0.98559,-0.160692) (-0.0705827,0.00240627)
 (-0.0601288,0.0897596)   (-0.224982,0.0616213)    (0.986195,-0.157812)
b = 71berrymatrix_step = 
    (0.98592,-0.158363)   (-0.134765,0.0445098)  (-0.0958252,0.0222199)
  (-0.122485,0.0702557)    (0.985307,-0.164011)  (-0.104606,-0.0947798)
 (-0.0259362,0.0960438) (-0.0465191,0.00924279)    (0.986362,-0.158306)
b = 72berrymatrix_step = 
   (0.986034,-0.158075)  (-0.0728876,0.0317614)  (-0.0728955,0.0440208)
(-0.0801087,-0.0860322)    (0.983902,-0.167776)   (-0.186335,0.0194758)
  (-0.126114,0.0190132)     (-0.18312,0.136295)    (0.984473,-0.163745)
b = 73berrymatrix_step = 
  (0.984396,-0.167567)  (-0.0691215,0.046866) (-0.0590247,0.0496034)
  (-0.245998,0.045345)   (0.985597,-0.160152)  (-0.157815,0.0900276)
(-0.0195073,0.0553827) (-0.105309,-0.0348365)   (0.984881,-0.165255)
b = 74berrymatrix_step = 
   (0.985613,-0.158066) (-0.0609901,-0.0664268)   (0.0702444,0.0577449)
   (-0.189721,0.090704)    (0.985105,-0.157023)   (-0.196058,0.0682684)
 (-0.189767,-0.0834735)   (-0.243106,0.0896885)    (0.985146,-0.161188)
b = 75berrymatrix_step = 
  (0.985654,-0.158711)  (-0.11629,-0.0688241)   (0.0393416,0.102931)
 (-0.152565,-0.103932)   (0.985911,-0.158095) (-0.0252436,0.0677851)
 (0.060562,-0.0104414)  (-0.266058,0.0170169)   (0.985554,-0.160964)
b = 76berrymatrix_step = 
    (0.985009,-0.159557)   (-0.151759,-0.0934326) (-0.00312484,-0.0680286)
    (-0.179881,0.198832)     (0.986323,-0.154834)    (-0.18616,0.00251801)
    (-0.111517,0.132233)    (-0.0516136,0.175877)      (0.985407,-0.15268)
b = 77berrymatrix_step = 
    (0.985354,-0.158579)    (0.049363,-0.0241237)    (0.151203,0.00566188)
(-0.0772055,-0.00450631)      (0.98568,-0.160508)   (-0.159181,-0.0225993)
  (0.0984245,-0.0751315)  (-0.167932,-0.00194428)     (0.983816,-0.166986)
b = 78berrymatrix_step = 
    (0.986093,-0.157943)     (-0.237522,0.123237) (-0.00579509,-0.0121675)
    (0.0269635,0.052749)     (0.985348,-0.161654)   (-0.0668412,0.0465374)
  (0.0578365,0.00715475)   (-0.0368334,0.0022992)     (0.984154,-0.167817)
b = 79berrymatrix_step = 
  (0.985105,-0.163254)  (-0.119596,0.0320241) (0.0722182,0.00492112)
(-0.11174,0.000804197)   (0.985058,-0.153107)   (-0.156949,0.111793)
(-0.0191666,-0.144422) (-0.0594257,0.0498113)    (0.985505,-0.16108)
b = 80berrymatrix_step = 
  (0.984679,-0.168176)  (-0.155404,0.0809254) (0.0968873,-0.0376398)
(-0.0821652,0.0140841)    (0.984186,-0.16581)  (-0.12173,-0.0963025)
(-0.0580909,0.0107483)    (-0.0249806,0.1418)   (0.984327,-0.167631)
b = 81berrymatrix_step = 
    (0.986152,-0.15613)   (0.0399267,0.0818064) (0.0355801,-0.00495811)
 (-0.147292,-0.0743074)     (0.98578,-0.159497)   (-0.123682,0.0770211)
  (-0.0366495,0.126326)    (-0.16758,0.0326003)    (0.985591,-0.160952)
b = 82berrymatrix_step = 
   (0.985085,-0.164208)    (0.0609884,0.134432)    (0.122083,0.0656574)
  (-0.120701,0.0916382)    (0.986232,-0.160183)  (-0.231792,-0.0540172)
(-0.0528018,-0.0180101) (-0.140339,-0.00469533)    (0.984477,-0.162941)
b = 83berrymatrix_step = 
  (0.985415,-0.160929) (-0.0635083,0.0359268) (-0.0221773,0.0594443)
 (0.0406612,0.0974241)     (0.986075,-0.1571) (-0.0987367,0.0181504)
(-0.0239642,0.0775891) (-0.0968833,-0.197365)     (0.9859,-0.160396)
b = 84berrymatrix_step = 
   (0.985128,-0.163667)   (-0.147376,0.0964318) (-0.0338539,-0.0826728)
  (-0.139702,-0.123976)    (0.984256,-0.170918)   (-0.0424897,0.113335)
 (0.0301945,-0.0896745)   (-0.0417332,0.147696)     (0.98491,-0.166968)
b = 85berrymatrix_step = 
    (0.984829,-0.164036)     (-0.052486,0.141458)  (-0.0536877,-0.0186234)
   (-0.213709,0.0502708)     (0.985665,-0.157919)    (-0.188736,0.0413005)
(-0.0096744,-0.00563043)     (-0.14499,0.0992582)      (0.982967,-0.17484)
b = 86berrymatrix_step = 
    (0.986474,-0.15354)  (-0.222044,-0.0333625)  (0.0755382,-0.0045163)
  (0.0126343,0.0680464)    (0.985555,-0.159164)   (0.0384493,0.0358523)
(-0.00730506,0.0380226)     (-0.14371,0.090308)    (0.985412,-0.162067)
b = 87berrymatrix_step = 
  (0.984993,-0.163077)   (-0.136806,-0.15887)  (-0.11345,0.00850433)
(-0.166376,-0.0234863)   (0.985007,-0.163356)  (-0.223385,-0.046879)
(0.0296306,0.00254715) (-0.116816,-0.0756397)   (0.985625,-0.162234)
b = 88berrymatrix_step = 
  (0.986008,-0.157423)   (-0.056011,0.030285)  (0.0265037,0.0126418)
 (-0.134458,0.0808761)   (0.984547,-0.166366) (-0.143984,-0.0636654)
(-0.0252993,0.0329179) (-0.256069,-0.0132714)   (0.987032,-0.150995)
b = 89berrymatrix_step = 
    (0.985841,-0.15744)    (-0.171052,0.173747)  (0.0279192,-0.0130865)
  (-0.0783362,0.069448)    (0.984697,-0.168422)  (0.0616006,-0.0677838)
   (0.0121948,-0.05067) (-0.0898351,-0.0176808)    (0.985648,-0.159589)
b = 90berrymatrix_step = 
     (0.983579,-0.160795)     (-0.247179,0.0275077)    (0.0992744,-0.0863722)
   (-0.142564,0.00583696)        (0.9855,-0.155751)    (-0.0411278,0.0465912)
   (-0.0197776,-0.184712) (-0.000574638,-0.0821613)      (0.984564,-0.165051)
b = 91berrymatrix_step = 
   (0.985372,-0.155116)  (-0.0666134,0.0521325) (0.0820506,-0.00203617)
  (-0.108124,0.0191491)     (0.985746,-0.15673)   (-0.0201259,0.112876)
 (0.00230549,-0.186483)   (-0.135499,0.0267366)    (0.984763,-0.165997)
b = 92berrymatrix_step = 
  (0.986132,-0.158081)  (-0.220154,0.0320257) (0.0474134,-0.0161715)
 (-0.204645,0.0479196)   (0.984175,-0.170442)  (-0.0843281,0.119131)
(0.0471775,-0.0373369)   (-0.11407,0.0519167)   (0.984846,-0.165822)
b = 93berrymatrix_step = 
   (0.985379,-0.160632)   (-0.202737,0.0567969)   (-0.116153,-0.102937)
   (-0.1845,-0.0973673)    (0.981877,-0.168231)  (-0.125456,-0.0178106)
(-0.000137699,0.105276)   (-0.144137,0.0314724)    (0.986358,-0.156733)
b = 94berrymatrix_step = 
   (0.985598,-0.161287) (-0.137855,-0.00328588)  (-0.0166264,0.0602357)
(-0.0672357,-0.0334052)    (0.985692,-0.159722)    (-0.003953,0.112207)
    (0.115073,-0.04402)    (-0.145184,0.153428)      (0.9864,-0.156339)
b = 95berrymatrix_step = 
   (0.984803,-0.159531)  (-0.0412119,0.0275636) (-0.0647858,-0.0420744)
(-0.0926828,-0.0265662)    (0.985714,-0.160991)  (-0.0482372,0.0397521)
   (0.0578372,0.141917)  (-0.128202,-0.0473869)     (0.98621,-0.156129)
b = 96berrymatrix_step = 
   (0.985031,-0.165052)  (-0.0741171,0.0690451) (-0.0440003,-0.0631994)
 (-0.140122,-0.0522943)    (0.983478,-0.172344)   (0.0178427,0.0683668)
 (0.0394077,-0.0359516)   (-0.247786,0.0679883)    (0.986712,-0.155337)
b = 97berrymatrix_step = 
   (0.985538,-0.160934)    (-0.213245,0.200032)   (-0.139822,-0.141034)
(-0.0128299,-0.0153124)    (0.985071,-0.163991)  (-0.0386785,0.0227061)
    (0.156216,0.194131)  (0.0500074,-0.0344379)    (0.984635,-0.158602)
b = 98berrymatrix_step = 
    (0.984486,-0.167219)   (-0.093786,-0.0131585) (-0.000302186,-0.103557)
    (-0.176018,0.123939)     (0.984882,-0.164857)     (-0.173841,0.116704)
  (-0.0631754,0.0517487)    (-0.127553,0.0179791)     (0.985658,-0.160371)
b = 99berrymatrix_step = 
    (0.98547,-0.160145)   (-0.217886,0.0953336)  (0.0342153,-0.0504324)
 (-0.0613527,0.0537632)    (0.985651,-0.160421)  (-0.0842413,0.0646115)
(-0.00614371,0.0717771)   (-0.0890903,0.119517)     (0.98234,-0.176937)
b = 100berrymatrix_step = 
  (0.985772,-0.160944)  (-0.213471,0.0503585) (-0.0272097,0.0276428)
 (-0.149636,-0.066173)   (0.985498,-0.163335)  (-0.140325,0.0805322)
 (0.0783606,0.0528148)  (-0.127141,0.0203088)   (0.985918,-0.157901)
b = 101berrymatrix_step = 
  (0.985961,-0.156272)  (-0.027516,0.0290999)  (0.0684358,0.0753848)
(-0.0361517,0.0194032)   (0.985171,-0.162382) (-0.163468,-0.0650063)
(0.0894753,-0.0247194) (-0.0623689,0.0611079)   (0.986362,-0.157659)
b = 102berrymatrix_step = 
    (0.985096,-0.165588)  (-0.192032,-0.00284788) (-0.00171686,-0.0102074)
    (-0.134748,0.052173)       (0.9848,-0.154806)  (-0.0799888,-0.0873278)
 (-0.0681358,-0.0281925)    (-0.125509,0.0497338)     (0.986859,-0.153931)
b = 103berrymatrix_step = 
    (0.985765,-0.15985) (-0.0451991,-0.0520449)   (-0.0605565,0.108084)
 (-0.0423265,0.0444773)    (0.984773,-0.162745)  (-0.0937065,0.0823435)
 (0.00051484,0.0207119)  (-0.0108355,0.0677404)    (0.983344,-0.172062)
b = 104berrymatrix_step = 
    (0.985701,-0.1614)  (-0.25123,-0.0502808) (0.00406705,-0.061151)
 (-0.143395,0.0603987)   (0.985627,-0.156831) (-0.0353534,-0.155286)
  (0.0953179,0.114705)  (-0.19354,-0.0577035)    (0.98662,-0.152174)
b = 105berrymatrix_step = 
   (0.984943,-0.165232)  (0.0164826,-0.0605628)  (0.0116215,-0.0967656)
(-0.00811178,-0.030167)    (0.985555,-0.156254)  (-0.0590532,0.0316627)
   (0.104212,0.0387107)  (-0.241754,-0.0433726)    (0.983717,-0.168426)
b = 106berrymatrix_step = 
   (0.985895,-0.159641)  (-0.187292,-0.0668928)  (-0.108146,-0.0680515)
(-0.0792707,-0.0178187)    (0.983831,-0.164384)   (-0.101376,-0.074695)
   (0.107867,0.0244241)   (-0.281746,0.0573114)    (0.985233,-0.162386)
b = 107berrymatrix_step = 
   (0.984967,-0.165476)  (-0.104865,-0.0269615)   (0.0299124,0.0609167)
(-0.0437116,-0.0268604)    (0.986434,-0.153141)  (-0.0858287,0.0409618)
 (0.175582,-0.00436045)   (-0.185819,0.0676242)    (0.986225,-0.155016)
b = 108berrymatrix_step = 
    (0.987132,-0.15204)   (-0.104136,0.0729254) (-0.0279786,-0.0125813)
(-0.0568185,-0.0520802)    (0.983489,-0.159005)   (-0.116924,-0.017423)
   (-0.1082,-0.0232112)  (-0.0602449,0.0187224)      (0.98379,-0.16546)
b = 109berrymatrix_step = 
  (0.983902,-0.166751)  (-0.0487348,0.117155) (0.00367881,0.0564903)
(-0.170708,-0.0116847)   (0.985058,-0.163542) (-0.0985137,0.0176897)
  (0.0213505,0.012464)   (-0.190806,0.024819)    (0.98445,-0.166405)
b = 110berrymatrix_step = 
  (0.984728,-0.166625)   (-0.254418,0.129453)  (0.0252137,0.0791432)
 (-0.127281,-0.020019)    (0.985712,-0.15814) (-0.166575,-0.0219586)
  (0.113179,0.0436062) (-0.132191,-0.0508629)   (0.985653,-0.162163)
b = 111berrymatrix_step = 
   (0.985388,-0.164108)   (0.0291902,0.0630473) (-0.0301774,-0.0460439)
  (-0.184845,0.0201517)    (0.985333,-0.163094)  (-0.0854394,0.0414202)
 (0.0986114,-0.0952313) (-0.0971695,-0.0444918)    (0.985606,-0.159338)
b = 112berrymatrix_step = 
  (0.984666,-0.164561)  (0.0539348,0.0418859)  (0.118611,-0.0190424)
(-0.0503751,-0.137202)   (0.985468,-0.162434) (-0.0543798,0.0350498)
 (0.0753351,0.0255803)  (-0.113221,0.0558209)   (0.983714,-0.174007)
b = 113berrymatrix_step = 
   (0.984979,-0.160755)   (-0.167163,0.0123451)   (0.0064456,-0.040611)
   (-0.107501,0.102689)    (0.985821,-0.158739)    (-0.161192,0.103828)
(-0.111742,-0.00971524)   (-0.126018,0.0347132)    (0.985127,-0.164338)
b = 114berrymatrix_step = 
    (0.985716,-0.160145)  (-0.111472,-0.00153871)  (-0.0271289,-0.0453208)
  (-0.217887,0.00986634)     (0.984441,-0.163861)     (-0.239849,0.142224)
  (-0.0930099,0.0281371) (-0.00715049,-0.0640925)     (0.985057,-0.164595)
b = 115berrymatrix_step = 
   (0.983198,-0.170187)   (-0.173349,-0.223919) (-0.0875029,-0.0129275)
   (-0.131635,0.133573)      (0.98456,-0.16684)  (-0.220809,-0.0268373)
 (-0.0678378,-0.013758)   (0.0705121,0.0186995)    (0.985612,-0.163333)
b = 116berrymatrix_step = 
     (0.986108,-0.160207)     (-0.163842,-0.044857)    (0.0398738,-0.0538048)
    (-0.131785,-0.106817)      (0.983578,-0.171226)      (-0.204499,0.108148)
(-0.000131752,-0.0922187)      (-0.107735,0.016124)      (0.985671,-0.160579)
b = 117berrymatrix_step = 
    (0.985702,-0.159685)     (-0.15242,0.0561892) (-0.00350425,-0.0431599)
  (-0.158109,-0.0306673)       (0.984303,-0.1662)    (-0.134565,-0.018721)
 (0.0115265,-0.00435998)    (-0.171306,-0.013197)     (0.986138,-0.158213)
b = 118berrymatrix_step = 
   (0.984879,-0.166427)  (-0.0876181,0.0119602) (-0.0708798,0.00345653)
   (-0.153855,0.173872)    (0.984656,-0.166178)   (-0.103605,0.0161187)
 (0.0535064,-0.0143599)  (-0.194672,0.00113557)    (0.984696,-0.158996)
b = 119berrymatrix_step = 
    (0.984534,-0.165721)  (-0.143786,-0.00877905)   (-0.0870945,0.0763819)
   (-0.116835,0.0214323)     (0.984914,-0.163747)  (-0.0464973,-0.0089851)
  (0.0510351,-0.0126939) (-0.0256545,-0.00266426)     (0.984466,-0.166881)
b = 120berrymatrix_step = 
  (0.985058,-0.162357) (-0.0924358,0.0797601) (-0.013552,0.00593456)
  (-0.188081,0.109208)   (0.986352,-0.155273)  (-0.179626,0.0652345)
  (-0.11551,0.0151832)    (0.021417,0.077834)    (0.98579,-0.157718)
b = 121berrymatrix_step = 
    (0.986664,-0.15176)   (-0.116472,0.0126504)  (0.0535106,-0.0647956)
(-0.0715014,-0.0742435)      (0.9845,-0.166868)   (0.0125831,0.0303098)
  (-0.0321767,0.101945)   (0.0132287,-0.048389)     (0.984972,-0.16072)
b = 122berrymatrix_step = 
   (0.986319,-0.156321) (-0.0891757,-0.0714423)  (-0.0104536,-0.103132)
 (-0.168614,-0.0108783)    (0.985639,-0.160384)   (-0.131105,0.0156317)
(-0.0747333,-0.0288552)  (-0.191755,0.00772103)     (0.983821,-0.16273)
b = 123berrymatrix_step = 
    (0.98526,-0.160203)  (-0.119026,-0.0218471)  (-0.0209204,0.0645267)
(-0.0623802,-0.0920051)    (0.985915,-0.159638)  (-0.155624,-0.0243721)
  (-0.0718742,0.145004)   (-0.126111,0.0184149)    (0.985373,-0.155096)
b = 124berrymatrix_step = 
   (0.985053,-0.162018)   (-0.112112,-0.015625)    (0.0015863,0.110687)
(-0.0577222,-0.0119141)    (0.985092,-0.163936)  (-0.168331,-0.0600302)
 (-0.0510358,0.0452257)   (-0.222231,0.0436287)    (0.985672,-0.160434)
b = 125berrymatrix_step = 
    (0.98591,-0.160894)   (-0.164805,0.0363936) (-0.0828035,-0.0532631)
 (-0.0844822,0.0331654)    (0.984886,-0.162242)   (-0.165839,0.0226948)
  (0.0434416,0.0197961)   (-0.117766,0.0554779)    (0.985792,-0.159066)
b = 126berrymatrix_step = 
  (0.986015,-0.159429) (-0.123284,-0.0077045)  (0.0340285,-0.107082)
 (-0.12114,0.00682979)   (0.986565,-0.152036)  (-0.016974,0.0403505)
  (0.0926678,0.142626) (-0.0479893,0.0946531)   (0.985511,-0.156279)
b = 127berrymatrix_step = 
    (0.985768,-0.159856)    (-0.0174293,0.162177)  (0.0402947,-0.00495397)
   (-0.0953673,0.122919)      (0.985308,-0.16224)   (-0.213555,-0.0321884)
(-0.0237669,-0.00601491)    (-0.137612,-0.153501)     (0.984775,-0.160991)
b = 128berrymatrix_step = 
  (0.984379,-0.164413) (-0.108692,-0.0695106)  (0.0255122,-0.178977)
 (0.0859269,-0.107723)   (0.986658,-0.153865) (-0.182487,-0.0510461)
 (0.0873491,0.0278279)  (-0.131915,0.0651342)   (0.985727,-0.149668)
b = 129berrymatrix_step = 
     (0.985125,-0.1639)   (-0.0692667,0.139019)   (0.112655,-0.0247324)
  (-0.13855,-0.0346643)    (0.985894,-0.159532)    (-0.146089,0.102588)
(-0.00187885,0.0319209)   (-0.111114,0.0237724)    (0.985646,-0.159775)
b = 130berrymatrix_step = 
    (0.963733,-0.259695)  (-0.0178153,-0.0353162)    (0.0604194,0.0158624)
    (-0.131306,0.122231)     (0.965892,-0.254439)   (-0.198527,-0.0261111)
(-0.0586874,-0.00875299)    (-0.123244,0.0862658)     (0.971558,-0.229846)
b = 131berrymatrix_step = 
  (0.965891,-0.253626)   (-0.164012,0.124766) (0.0398672,-0.0531696)
 (-0.227237,-0.013218)   (0.967493,-0.248881) (-0.0644102,0.0482026)
 (-0.045222,0.0453767) (-0.069273,-0.0729926)   (0.970914,-0.233989)
b = 132berrymatrix_step = 
   (0.961811,-0.266836)  (-0.0743051,0.0758454) (-0.0119592,-0.0954104)
(-0.146092,-0.00886789)    (0.969151,-0.240441) (-0.0856484,-0.0502303)
 (-0.0911029,0.0698462)  (-0.0604098,0.0145994)    (0.969276,-0.240216)
b = 133berrymatrix_step = 
  (0.962253,-0.266404)   (-0.13743,0.0262835)     (0.118729,0.03056)
(-0.191877,-0.0376535)   (0.967647,-0.246304)  (-0.0792888,0.152224)
(-0.0106182,-0.114122) (-0.0434686,0.0638859)   (0.969812,-0.238854)
b = 134berrymatrix_step = 
   (0.963167,-0.262443) (-0.205401,-0.00773346)   (0.108078,0.00567381)
   (-0.249273,0.148769)    (0.967902,-0.246432)   (-0.124935,0.0034164)
 (-0.0827057,0.0028455)   (-0.111081,0.0905027)     (0.97171,-0.231255)
b = 135berrymatrix_step = 
   (0.967293,-0.248254)  (-0.0639272,0.0178108)  (-0.0952927,0.0177606)
 (-0.0699389,0.0331364)     (0.96769,-0.247094)   (-0.186776,0.0612673)
(-0.0219051,-0.0255949) (-0.0866902,0.00202035)    (0.970684,-0.234466)
b = 136berrymatrix_step = 
   (0.964544,-0.258165)   (0.0399943,0.0535179)     (-0.10612,0.102359)
   (-0.139388,0.136152)    (0.966811,-0.247583)   (-0.12696,-0.0137638)
(-0.0820199,-0.0269223)    (-0.140813,0.025044)     (0.96948,-0.238217)
b = 137berrymatrix_step = 
   (0.964602,-0.25827)   (-0.150572,0.132276)  (-0.126175,0.0334595)
 (-0.110273,0.0422126)   (0.963881,-0.256935)    (-0.2453,0.0278104)
(-0.0130469,-0.011926) (-0.0655892,0.0123581)   (0.970088,-0.235364)
b = 138berrymatrix_step = 
  (0.966354,-0.251598)  (0.0126815,0.0195701) (0.0497898,0.00124859)
 (-0.188145,0.0489121)   (0.966573,-0.246703)  (-0.187959,0.0730386)
  (-0.024605,0.023147) (-0.0904598,-0.183848)    (0.96826,-0.245143)
b = 139berrymatrix_step = 
   (0.966872,-0.249368)  (-0.0139785,-0.111293)  (0.0620883,0.00631306)
  (-0.24583,-0.0281932)    (0.967102,-0.248288)    (-0.181062,0.233406)
(-0.0372037,-0.0211676) (-0.0393346,-0.0444441)     (0.97075,-0.233933)
b = 140berrymatrix_step = 
  (0.964537,-0.259349)   (-0.10374,-0.059855)  (-0.106893,-0.106394)
  (-0.105291,0.126417)   (0.967551,-0.247069)   (-0.116873,-0.12451)
  (0.0466419,0.022638) (-0.0930373,0.0788574)   (0.966594,-0.246444)
b = 141berrymatrix_step = 
   (0.964819,-0.256994)   (-0.213087,0.0831528) (-0.00452856,0.0748841)
 (-0.0783266,0.0892651)    (0.965844,-0.252415)   (-0.044368,0.0292883)
(-0.0487633,-0.0340456)  (-0.148281,-0.0630734)     (0.969043,-0.23765)
b = 142berrymatrix_step = 
   (0.965749,-0.251005)    (-0.058895,0.110867)  (-0.194481,-0.0447813)
(-0.0967946,-0.0684207)    (0.967966,-0.243197)    (0.0124589,0.171081)
  (0.187246,-0.0884278)  (-0.137964,-0.0117496)    (0.970718,-0.234962)
b = 143berrymatrix_step = 
     (0.9658,-0.251456)   (-0.139681,0.0396333)  (-0.0165192,0.0551706)
   (-0.113922,0.110465)    (0.967055,-0.247781)  (-0.162315,-0.0374823)
 (-0.0782395,0.0318527) (-0.137801,-0.00585508)    (0.970352,-0.232045)
b = 144berrymatrix_step = 
   (0.964794,-0.256398)    (-0.13739,0.0784985) (-0.0731081,-0.0899404)
(-0.0690126,-0.0211414)    (0.966215,-0.250668)   (-0.135469,0.0191855)
  (-0.0078262,0.085446)  (-0.178256,-0.0729407)    (0.970645,-0.230395)
b = 145berrymatrix_step = 
  (0.968334,-0.242549)  (-0.138898,0.0268155)   (-0.0871447,0.12241)
 (-0.148957,0.0277431)    (0.96659,-0.248708) (-0.164881,-0.0146455)
 (-0.0158685,0.160395)   (-0.208325,0.027395)    (0.96866,-0.243059)
b = 146berrymatrix_step = 
  (0.966726,-0.250584)  (-0.117489,0.0341284) (-0.0582152,0.0513504)
   (-0.22967,0.007499)   (0.965732,-0.252803) (-0.165086,-0.0154784)
(-0.0914071,0.0655855) (-0.057559,-0.0856849)   (0.971355,-0.232909)
b = 147berrymatrix_step = 
     (0.96369,-0.263238)   (-0.161462,-0.0292229)     (0.0744978,0.138508)
    (-0.13839,0.0275846)     (0.967141,-0.249519)   (-0.0778474,0.0623549)
  (-0.0806463,0.0743335) (-0.00754051,-0.0564198)     (0.971434,-0.230465)
b = 148berrymatrix_step = 
   (0.966568,-0.253001)  (-0.114949,-0.0313553)   (0.0373785,0.0888159)
 (-0.138748,-0.0363096)     (0.967478,-0.24541)  (-0.0890945,0.0879129)
(-0.0736028,-0.0113364)  (-0.150015,-0.0852061)    (0.970931,-0.230777)
b = 149berrymatrix_step = 
  (0.963838,-0.261655) (-0.113811,-0.0657178) (0.0101662,-0.0493862)
 (-0.0728108,0.101955)   (0.967533,-0.246965) (-0.197632,-0.0941468)
(0.0205488,-0.0121063)  (0.0308035,0.0547119)   (0.969794,-0.238197)
b = 150berrymatrix_step = 
  (0.965507,-0.253943) (-0.110639,-0.0631154)  (-0.0689863,0.014401)
(-0.0670586,-0.109843)   (0.968955,-0.242165)  (-0.129836,0.0127622)
 (-0.0900988,0.032067) (-0.0971967,0.0505833)   (0.971496,-0.231502)
b = 151berrymatrix_step = 
   (0.963453,-0.262645)   (-0.0618011,0.028231)    (0.124167,0.0175031)
  (0.0145476,0.0463252)    (0.967124,-0.248091) (-0.0750402,-0.0730971)
(-0.0143355,-0.0894088)   (-0.233987,0.0626645)    (0.970338,-0.235382)
b = 152berrymatrix_step = 
   (0.964674,-0.256217)     (-0.1211,0.0203142)  (-0.0886458,0.0384062)
  (-0.0863859,0.064846)    (0.966171,-0.251391)    (-0.168707,0.148372)
(-0.0842177,0.00289844)   (-0.173889,0.0282109)    (0.970905,-0.232628)
b = 153berrymatrix_step = 
    (0.963335,-0.263634)   (-0.0615651,0.0434868)     (-0.166009,0.103339)
  (-0.120341,-0.0380128)     (0.969376,-0.237962) (-0.0318668,-0.00779741)
 (-0.00175821,-0.159582)   (-0.0703842,0.0252635)     (0.972033,-0.228775)
b = 154berrymatrix_step = 
    (0.963385,-0.26139)   (-0.197353,0.0404951)   (0.103304,-0.0338862)
    (-0.118366,0.18972)    (0.967036,-0.247285)  (-0.188602,-0.0675103)
(-0.0448647,-0.0296074) (-0.00654425,0.0445771)      (0.9714,-0.231133)
b = 155berrymatrix_step = 
   (0.967065,-0.248992)  (-0.0361445,0.0194212)  (-0.140457,0.00964034)
(-0.0788674,-0.0819579)    (0.967584,-0.247612)   (-0.0322376,0.136794)
 (0.0182075,0.00204875)  (-0.184875,-0.0974624)     (0.97025,-0.236001)
b = 156berrymatrix_step = 
  (0.965566,-0.255178) (-0.151368,0.00488347)   (0.0220461,0.103096)
  (-0.11827,0.0699115)    (0.96806,-0.245946) (-0.152146,-0.0699575)
 (-0.199392,0.0989539) (-0.247543,-0.0058355)   (0.971179,-0.233851)
b = 157berrymatrix_step = 
   (0.964357,-0.258187)   (-0.0497478,0.114189) (0.00713988,-0.0157005)
   (-0.129476,0.087048)     (0.967723,-0.24483)   (-0.141269,0.0702566)
 (0.0668229,-0.0126102)  (-0.0692946,-0.116134)    (0.968967,-0.240568)
b = 158berrymatrix_step = 
   (0.965227,-0.255587)  (-0.0335839,0.0357048)   (-0.0356705,0.251601)
(-0.0783393,-0.0498525)    (0.967965,-0.245717)   (-0.143954,0.0889237)
 (-0.0295845,0.0230429)  (0.0191743,-0.0069966)    (0.969623,-0.239294)
b = 159berrymatrix_step = 
   (0.963168,-0.262591)  (-0.158162,-0.0568001) (0.0194818,0.000165488)
(-0.0784998,-0.0829373)    (0.966128,-0.250543)   (-0.0639605,0.092516)
   (0.025412,0.0176377) (0.0913967,-0.00223194)     (0.97108,-0.233952)
b = 160berrymatrix_step = 
    (0.96595,-0.253096)   (-0.146274,0.0245903)  (0.0720024,-0.0497539)
(-0.199937,-0.00943404)    (0.967768,-0.245969)   (-0.10755,-0.0517396)
 (-0.125903,-0.0387346)  (-0.0645767,0.0859385)    (0.972767,-0.225209)
b = 161berrymatrix_step = 
   (0.964335,-0.260234)   (-0.215508,0.0756228) (-0.0628774,-0.0797937)
 (0.0274844,-0.0253112)      (0.9648,-0.255005)  (-0.125949,0.00796432)
   (0.10104,-0.0480337)  (-0.215186,-0.0748977)    (0.969323,-0.242129)
b = 162berrymatrix_step = 
   (0.964433,-0.260216)  (-0.0699239,-0.089729)    (0.072048,0.0198415)
 (-0.126516,-0.0306006)     (0.968465,-0.24368)    (-0.187684,0.137034)
(-0.0292564,-0.0878467)  (-0.213004,0.00226396)    (0.970952,-0.233537)
b = 163berrymatrix_step = 
    (0.963401,-0.26177)  (0.0280826,0.00127374)   (0.112305,0.00748676)
(-0.0916333,-0.0944437)    (0.965037,-0.256472) (-0.0880014,0.00160616)
   (-0.03256,0.0814567)    (-0.112425,0.142038)     (0.97032,-0.235369)
b = 164berrymatrix_step = 
  (0.963613,-0.260746)   (-0.147852,0.105427)  (0.0718718,0.0558423)
 (-0.100181,0.0502205)   (0.969838,-0.238906)  (-0.195423,-0.123857)
(0.0271977,0.00475605) (0.00031929,0.0676128)   (0.969698,-0.236975)
b = 165berrymatrix_step = 
    (0.965529,-0.255316)    (-0.202118,0.0263979)    (0.15192,-0.00101213)
 (-0.0757549,-0.0893435)     (0.967726,-0.246981)    (-0.210938,0.0561742)
(-0.00148557,-0.0704656)   (-0.0576723,0.0808138)     (0.971541,-0.230993)
b = 166berrymatrix_step = 
   (0.967262,-0.249043)   (-0.06836,-0.0538961)  (0.00696662,0.0280776)
  (-0.13912,-0.0592827)     (0.965193,-0.25303)  (-0.0775436,0.0872436)
 (-0.00903385,0.108672) (-0.0816871,-0.0196701)    (0.969686,-0.239286)
b = 167berrymatrix_step = 
    (0.963374,-0.260982)      (-0.19508,0.135136) (-0.0522504,-0.00115781)
   (-0.0772347,0.110427)     (0.966978,-0.247947)    (-0.122885,0.0426662)
 (-0.0117436,0.00862346)  (-0.106179,-0.00811045)     (0.969466,-0.239128)
b = 168berrymatrix_step = 
     (0.963635,-0.26174)   (-0.111797,0.00116009) (0.000747593,-0.0512269)
   (-0.203098,0.0228357)      (0.96571,-0.251994)   (-0.114775,0.00183886)
   (0.0164407,0.0703223)  (-0.0744638,0.00843184)      (0.97184,-0.229038)
b = 169berrymatrix_step = 
     (0.96458,-0.25631)  (-0.0791569,0.0812992)  (0.00822161,0.0422027)
 (-0.147052,-0.0664836)     (0.966814,-0.24834)    (-0.181522,0.137559)
(-0.0098149,-0.0120814)    (-0.146075,0.107197)    (0.970799,-0.232727)
b = 170berrymatrix_step = 
   (0.964347,-0.259669) (-0.0421927,-0.0213708)   (-0.117927,0.0173344)
 (-0.113111,-0.0461776)    (0.966991,-0.248048)  (-0.0566816,0.0545478)
  (0.150587,-0.0692635) (-0.0757009,-0.0423879)    (0.969597,-0.239356)
b = 171berrymatrix_step = 
   (0.963627,-0.258796)   (-0.091182,0.0779591)  (0.0201813,-0.0409915)
  (-0.150474,0.0223399)    (0.969341,-0.238673)  (-0.207642,0.00317714)
(-0.00998813,-0.100399)    (-0.155233,0.118307)    (0.970334,-0.236553)
b = 172berrymatrix_step = 
      (0.963434,-0.2603)    (-0.171141,-0.011223) (-0.0527549,-0.00157863)
   (-0.0641778,0.080558)     (0.967743,-0.242435)    (-0.165285,0.0830127)
    (0.109272,-0.124624)   (-0.0761253,0.0637304)     (0.968552,-0.243151)
b = 173berrymatrix_step = 
  (0.963517,-0.262608)  (-0.108718,0.0462398)  (0.00801682,0.119656)
(-0.0342348,0.0895697)   (0.964872,-0.256982)  (-0.184078,0.0458384)
(-0.136856,-0.0287708)  (-0.100421,-0.142419)   (0.966332,-0.251863)
b = 174berrymatrix_step = 
  (0.964891,-0.258663)   (-0.0351804,0.21228)  (-0.0213404,0.123769)
  (-0.159353,0.066102)   (0.966516,-0.250068)  (-0.172892,0.0356662)
(0.0467491,-0.0693794)  (-0.100595,0.0305694)   (0.971142,-0.232731)
b = 175berrymatrix_step = 
    (0.961409,-0.266732)  (0.00186863,-0.0429464) (-0.0709905,0.000793241)
       (-0.216,0.108332)     (0.968144,-0.245001)   (-0.218814,-0.0099636)
  (0.0699125,-0.0726879)    (-0.239895,0.0344966)     (0.969469,-0.239075)
b = 176berrymatrix_step = 
     (0.96472,-0.258261)    (-0.0555699,0.155368)  (-0.0418476,-0.0284826)
(-0.101383,-0.000322451)     (0.966678,-0.243953)   (-0.0593319,0.0232664)
 (-0.000625745,0.129697)   (-0.186756,-0.0206363)     (0.970827,-0.232485)
b = 177berrymatrix_step = 
   (0.966759,-0.249188)  (-0.265232,-0.0512881) (-0.0307728,-0.0859118)
 (-0.0278784,0.0445059)    (0.969195,-0.240682)  (-0.206397,-0.0444312)
  (0.0142973,0.0297542) (-0.0686177,-0.0436355)    (0.969861,-0.239147)
b = 178berrymatrix_step = 
   (0.965637,-0.255811)    (-0.132307,0.087799)   (0.0210898,-0.205181)
  (-0.147457,0.0970639)    (0.967498,-0.247134)    (-0.0895314,0.11719)
(-0.0601816,-0.0906754)   (-0.250559,0.0118189)    (0.969742,-0.236438)
b = 179berrymatrix_step = 
   (0.963944,-0.259136)     (-0.127576,0.15955) (-0.0726442,0.00738413)
(-0.0381415,-0.0373568)       (0.9669,-0.24911)   (-0.0642458,0.085092)
(-0.0624095,-0.0458479)  (0.0201445,-0.0185732)    (0.971101,-0.231584)
b = 180berrymatrix_step = 
 (0.998376,-0.00319456)   (-0.0446761,0.114119)  (-0.0120498,0.0617201)
 (-0.159341,-0.0440567)  (0.998874,-0.00642496)    (-0.184697,0.100428)
   (-0.142621,0.035492) (-0.0649283,-0.0957923)    (0.998307,0.0019936)
b = 181berrymatrix_step = 
(0.998511,-0.00047035)  (-0.131745,0.0491535)   (0.120647,0.0599403)
(-0.0713106,-0.154157)  (0.998954,0.00424391)  (-0.210441,0.0724411)
(0.0488315,0.00165823)   (-0.21435,0.0161534)  (0.998509,0.00877775)
b = 182berrymatrix_step = 
   (0.998796,0.00121032)  (-0.0308352,-0.0448077) (-0.0206899,-0.00213002)
  (-0.187531,-0.0595855)   (0.998215,-0.00269265)    (-0.0327272,0.136013)
  (-0.0483903,-0.102533)   (-0.0937817,0.0520401)     (0.9982,-0.00283814)
b = 183berrymatrix_step = 
   (0.998664,-0.0030786) (-0.00363449,-0.0676367)   (-0.0490467,0.0109806)
  (0.00231795,-0.039458)    (0.998573,-0.0075781)   (-0.0368836,0.0170362)
   (0.0017156,0.0685086)   (-0.0981874,-0.165204)    (0.99858,-0.00628351)
b = 184berrymatrix_step = 
 (0.998834,-0.00640989)    (-0.205781,0.158796) (-0.0504958,-0.0390546)
  (-0.152273,-0.113403)   (0.99812,-0.00191178)   (-0.0819116,0.019645)
  (0.0578273,-0.035285)   (-0.291868,0.0592722)  (0.998717,-0.00323614)
b = 185berrymatrix_step = 
(0.998189,-0.00382557) (-0.0918348,0.0204374) (-0.0743963,0.0305294)
(-0.157912,-0.0726507)  (0.998263,0.00182003)  (-0.134939,0.0908795)
 (0.0906325,-0.113548)  (0.0110284,-0.170358) (0.998628,-0.00731865)
b = 186berrymatrix_step = 
  (0.998953,0.00220788)    (-0.23661,0.0688958)   (0.0353171,-0.103785)
  (-0.196309,-0.129986) (0.998765,-0.000778522)    (-0.164994,0.194395)
(-0.0833469,-0.0717708)  (-0.0342232,-0.179673)   (0.998151,0.00439701)
b = 187berrymatrix_step = 
 (0.998557,-0.00693772)   (-0.169772,0.0244419)  (0.0171235,-0.0538379)
 (-0.0950955,-0.158318)    (0.9989,-0.00485424) (-0.0346865,-0.0181965)
  (-0.107525,0.0770509)  (-0.0420386,-0.204957)   (0.998254,0.00441104)
b = 188berrymatrix_step = 
   (0.998115,0.0084901)   (-0.166731,0.0617206) (-0.0448253,-0.0119222)
  (-0.233417,0.0578233)   (0.998311,0.00473991)  (-0.200946,-0.0340403)
(-0.00484563,0.0703572)  (-0.161983,0.00718175)  (0.998498,-0.00290312)
b = 189berrymatrix_step = 
  (0.998728,0.00206884)     (-0.16189,0.135227)   (0.0514809,-0.125714)
 (-0.180641,-0.0950047)   (0.997876,0.00344118)  (-0.0636662,0.0587036)
(-0.024505,-0.00813274) (-0.116357,-0.00472567)    (0.998252,0.0053318)
b = 190berrymatrix_step = 
 (0.99878,-0.00473035)   (-0.130313,0.128798) (-0.0586065,0.0462752)
 (-0.12366,-0.0688757)  (0.998182,0.00246846) (-0.0960868,0.0352567)
(-0.0497092,0.0535519)   (-0.24366,0.0369002)    (0.9985,0.00545627)
b = 191berrymatrix_step = 
(0.998592,-0.00429347) (-0.0563765,0.0265027)  (-0.152042,-0.094116)
(-0.119221,-0.0475354) (0.998777,0.000273081)   (-0.258572,-0.11414)
(0.0904894,-0.0688925)  (-0.193373,-0.105499)  (0.998505,0.00364283)
b = 192berrymatrix_step = 
 (0.998204,-0.00225958)   (-0.130626,0.0176154)  (-0.0737447,0.0591549)
(-0.0672462,-0.0780462)   (0.998328,-0.0102337)      (-0.1424,0.133702)
 (-0.0558686,-0.111514)   (-0.0722898,-0.11993)   (0.998584,0.00247193)
b = 193berrymatrix_step = 
 (0.998718,-0.00380125) (-0.0781008,-0.0293624)  (0.0738517,-0.0109624)
  (-0.135155,0.0205229)   (0.998486,0.00151765)  (-0.0885336,0.0130105)
  (0.119476,-0.0623275)  (-0.150488,-0.0562402)  (0.997631,-0.00470704)
b = 194berrymatrix_step = 
  (0.998712,0.00436417) (-0.0417346,-0.0333956)   (-0.153455,0.0236329)
  (-0.247649,0.0376693)  (0.998898,-0.00401596)  (-0.0813373,0.0316871)
 (0.0267951,-0.0235665)   (-0.262833,-0.016585)   (0.996743,0.00477962)
b = 195berrymatrix_step = 
 (0.997943,-0.00786424)  (-0.131142,0.00437406)   (-0.111248,0.0205669)
  (-0.108194,-0.030617)  (0.997883,-0.00153421)  (-0.238339,0.00875567)
(-0.000163508,0.140682)  (-0.131055,-0.0222864)    (0.998458,0.0031401)
b = 196berrymatrix_step = 
 (0.998814,-0.00131518)    (-0.149422,0.127796)   (0.0463934,0.0618411)
(-0.0814649,-0.0952101)  (0.998329,-0.00256359)   (-0.194981,0.0705214)
(0.0989596,-0.00336934)  (-0.234898,0.00632747)  (0.998495,-0.00041362)
b = 197berrymatrix_step = 
   (0.99884,-0.0031729)  (-0.0790759,0.0292598) (-0.0115087,-0.0632202)
(-0.00415816,-0.135554)    (0.99835,0.00345283)   (0.0223902,0.0962998)
  (-0.111854,0.0207571)    (-0.0635913,-0.1028)  (0.996757,-0.00162758)
b = 198berrymatrix_step = 
(0.998731,4.44169e-05)  (-0.105544,0.0344522)  (0.0390046,-0.033401)
 (-0.121779,-0.136774)  (0.998362,0.00867097)  (-0.151434,0.0181209)
 (0.0346011,0.0970655)  (0.0362003,-0.123444)  (0.998843,0.00106639)
b = 199berrymatrix_step = 
(0.998495,-0.000169617)    (-0.146551,0.124459)    (-0.104519,0.131949)
 (-0.185773,-0.0909419)   (0.998241,0.00121179)   (-0.174239,0.0223524)
 (0.0191063,-0.0422669)  (-0.018203,0.00762298)  (0.998618,-0.00437111)
b = 200berrymatrix_step = 
(0.998486,-0.00272896) (-0.0766977,0.0792479)  (0.190709,0.00190125)
 (-0.231194,0.0204999)   (0.998051,0.0100371)  (-0.224826,0.0713331)
 (-0.030283,0.0537608) (-0.117705,-0.0132522) (0.998579,-0.00289248)
b = 201berrymatrix_step = 
(0.998641,-0.00121903) (-0.168949,-0.0430912)   (0.0903635,0.086881)
(-0.0491596,-0.113642)   (0.998589,-0.002143) (0.000749776,0.100371)
  (-0.0107503,0.09396)   (-0.10726,-0.139198)   (0.998193,-0.012306)
b = 202berrymatrix_step = 
(0.997942,-0.00181672) (-0.0848567,0.0600597) (-0.0107981,0.0893691)
(-0.212704,-0.0105897)  (0.99834,5.52854e-05)  (-0.287105,0.0712068)
(0.0246949,-0.0103393) (-0.107759,-0.0716894) (0.998748,-0.00633045)
b = 203berrymatrix_step = 
  (0.998258,0.00137211)  (-0.0772565,0.0551651)  (0.0795151,-0.0855223)
   (-0.226202,-0.10508) (0.998096,-0.000206436)  (-0.129644,-0.0482797)
(-0.0146411,-0.0723047)   (0.0150081,-0.200432)  (0.997253,-0.00384671)
b = 204berrymatrix_step = 
   (0.999132,-0.000545)   (-0.141348,0.0152671)    (-0.03626,-0.052734)
 (-0.123877,-0.0533764)   (0.998221,-0.0064143) (0.00251381,-0.0871237)
 (-0.0145548,0.0967843)   (-0.104258,-0.100509)  (0.998472,4.22028e-05)
b = 205berrymatrix_step = 
(0.998873,-0.000418743) (-0.082222,-0.00579032) (-0.0377739,0.00268696)
  (-0.205262,0.0185089)    (0.99868,0.00147982) (-0.0616052,-0.0584164)
  (0.0123962,0.0920244) (-0.0845724,-0.0983131)   (0.99854,-0.00116159)
b = 206berrymatrix_step = 
  (0.998822,0.00131694)    (-0.0894645,0.02003)  (0.0323885,-0.0758854)
  (-0.117756,0.0178319) (0.997684,-5.79049e-05)   (-0.129465,0.0218021)
 (0.0174873,-0.0773306)  (-0.0816432,0.0332329)  (0.998296,0.000320676)
b = 207berrymatrix_step = 
  (0.999002,-0.0019017)   (-0.174895,0.0735857) (-0.0620341,-0.0322306)
 (-0.114581,-0.0342109)   (0.998623,0.00235888)  (-0.197275,0.00836299)
  (0.0456442,0.0827929)  (-0.151692,-0.0290174)   (0.998925,0.00142044)
b = 208berrymatrix_step = 
(0.998898,-0.000807218)   (-0.270763,0.0716828)  (0.0413476,-0.0830619)
   (-0.13988,-0.237851)  (0.998997,-0.00511437)    (-0.222608,0.151743)
  (0.0369683,0.0946374)  (-0.103186,0.00205382)  (0.998796,0.000664848)
b = 209berrymatrix_step = 
  (0.998874,0.00304919)    (-0.121596,0.157856)     (0.029668,0.108643)
(-0.0958829,-0.0727929)    (0.99852,0.00462988)   (-0.118588,0.0272805)
(-0.0646219,0.00535483)  (-0.158116,-0.0152994) (0.998971,-0.000180474)
b = 210berrymatrix_step = 
(0.998004,-0.00204887)  (0.0457004,-0.016712)  (0.0366617,0.0334116)
 (-0.190435,-0.061214) (0.998801,-0.00520398)   (-0.123018,0.100349)
 (0.0239062,0.0639228)  (-0.145203,-0.125985)  (0.998745,0.00853152)
b = 211berrymatrix_step = 
  (0.998313,0.0031227)  (-0.233555,0.0578725)  (0.0456462,-0.110912)
 (-0.139884,0.0301535) (0.998218,-0.00850882)     (0.065631,0.12461)
 (0.0113864,0.0289848)   (-0.21658,-0.147219)  (0.998894,0.00765865)
b = 212berrymatrix_step = 
  (0.997902,0.00393286)   (-0.138537,0.0783237) (-0.00934942,0.0434142)
(-0.0872232,-0.0321182)   (0.998677,0.00895605)   (-0.158522,0.0121989)
 (-0.0164283,0.0210297)    (-0.13092,-0.125541)  (0.998347,0.000401868)
b = 213berrymatrix_step = 
   (0.998531,0.00167674)   (-0.0115492,0.0209327)    (0.0805273,0.0720701)
  (-0.141541,-0.0724785)   (0.998431,-0.00575942)     (-0.177561,0.024469)
(-0.0189247,-0.00643808)    (-0.117087,-0.246434)   (0.998669,-0.00835922)
b = 214berrymatrix_step = 
      (0.99827,0.013421)      (-0.13273,0.118587) (-0.00877976,-0.0689808)
   (-0.226618,0.0978461)   (0.997802,-0.00271989)   (-0.223078,-0.0395615)
  (-0.00691588,0.106055)    (-0.180296,-0.159043)    (0.998659,-0.0010045)
b = 215berrymatrix_step = 
  (0.998036,-0.00393833)    (0.0012162,0.0788402) (-0.00629341,-0.0766425)
   (-0.181398,-0.134575)   (0.998564,-0.00116212)     (-0.0381341,0.18806)
  (0.0193844,-0.0468956)  (-0.153195,-0.00689275)    (0.998198,0.00781315)
b = 216berrymatrix_step = 
   (0.99879,0.00294243)  (-0.213123,0.00603512)    (0.148444,0.0659044)
  (-0.123925,0.0326763)  (0.997931,-0.00286164) (-0.0546814,0.00692681)
  (0.0883331,0.0117278)   (-0.109189,-0.117394)   (0.99861,-0.00351505)
b = 217berrymatrix_step = 
 (0.998636,0.00357661) (0.00299619,0.0374713)    (-0.0218,-0.111887)
(-0.253786,-0.0761752)  (0.998366,0.00228172)  (-0.139206,-0.015898)
 (0.0802315,0.0684916) (-0.188727,-0.0175133)   (0.998069,0.0126742)
b = 218berrymatrix_step = 
 (0.998276,-0.00259429)    (-0.180356,0.102453)  (-0.0247646,0.0503197)
  (-0.139865,-0.130322) (0.998542,-0.000844301)    (-0.0818439,0.10757)
 (0.0320207,-0.0262431)  (-0.154514,-0.0487585)  (0.998288,0.000753342)
b = 219berrymatrix_step = 
(0.998321,-0.000826572)    (-0.11792,0.0876197)  (-0.0733078,0.0819795)
 (-0.071588,-0.0145397)  (0.997884,0.000278701)    (-0.218318,0.093253)
 (-0.0462343,0.0527304)  (-0.170302,-0.0993062)    (0.998535,0.0029026)
b = 220berrymatrix_step = 
(0.998037,-0.00685566)   (-0.159719,0.179131)   (0.0854008,0.131729)
(-0.183807,-0.0376659)  (0.998571,0.00639373)  (-0.107739,0.0747308)
 (-0.0810669,0.107429) (-0.0384187,-0.102746) (0.998431,-0.00174301)
b = 221berrymatrix_step = 
  (0.998454,0.00419574)  (-0.104586,0.00947936)  (0.0699188,-0.0178605)
 (-0.109973,-0.0444354)   (0.998927,0.00237048) (-0.0469681,-0.0414971)
(-0.00732545,-0.063203)  (-0.11477,-0.00703728)  (0.997883,-0.00512269)
b = 222berrymatrix_step = 
 (0.999044,0.00330994)    (-0.214634,0.14087)  (0.0729157,0.0679535)
(-0.202429,-0.0909654) (0.998805,0.000316779)  (-0.211756,0.0618747)
 (0.0880862,0.0434826)  (-0.143008,-0.138705)  (0.998205,0.00178526)
b = 223berrymatrix_step = 
 (0.998932,0.000602806)   (-0.124658,0.0844263)  (-0.0101908,0.0911846)
  (-0.146094,-0.125425)   (0.998004,0.00221204)   (-0.197088,0.0934708)
(-0.0421313,-0.0600602)   (-0.17105,-0.0168455)   (0.997588,0.00173167)
b = 224berrymatrix_step = 
 (0.998705,0.00359737)  (-0.232743,0.0768686)   (0.0358353,0.119552)
 (-0.145991,-0.030013) (0.998592,-0.00358358)   (-0.137646,0.108276)
 (0.0291012,0.0341823)  (-0.182691,0.0004675)  (0.998349,0.00110848)
b = 225berrymatrix_step = 
 (0.998253,0.00301341) (-0.0949473,0.0409614)   (0.115095,0.0896206)
(-0.108863,-0.0140094)  (0.999036,0.00170114)  (-0.168409,0.0982167)
  (0.0518198,0.081888)  (-0.278729,-0.110483)   (0.998102,0.0090137)
b = 226berrymatrix_step = 
  (0.998832,0.00335113)  (-0.179802,-0.0739246)   (-0.162551,0.0201265)
   (-0.046658,-0.12416)   (0.998422,0.00112642)  (-0.0808951,0.0670163)
  (-0.128028,0.0371209) (-0.0950639,-0.0251984)  (0.998491,-0.00012748)
b = 227berrymatrix_step = 
(0.998361,0.000141893)  (-0.101339,0.0226145) (-0.00906032,0.169058)
(-0.232096,-0.0440208)  (0.996799,-0.0069092)   (-0.233239,0.145604)
  (-0.13789,0.0404991) (0.0439876,-0.0465817) (0.998566,-0.00417273)
b = 228berrymatrix_step = 
(0.998229,-0.00799568) (-0.0186149,0.0823424)  (0.0507593,0.0362405)
 (-0.198445,-0.165932) (0.998336,0.000461731) (-0.0387167,0.0888281)
(0.0446816,-0.0102825) (-0.101098,-0.0266726)  (0.998317,0.00486956)
b = 229berrymatrix_step = 
(0.998594,-0.00386007)   (-0.103108,0.065672) (0.00758884,0.0891066)
(-0.0616687,-0.124163)  (0.998701,0.00466594)  (-0.241074,0.0939768)
(0.0808504,0.00325897) (-0.123979,-0.0264902) (0.998024,-0.00869832)
b = 230berrymatrix_step = 
  (0.998175,0.00327893)   (-0.188179,0.0887674)      (0.1574,0.0284399)
(-0.0467027,0.00163496)   (0.998637,0.00153599)    (-0.18138,0.0667923)
(-0.0471411,-0.0389329)  (-0.146138,-0.0142178)  (0.998407,-0.00449031)
b = 231berrymatrix_step = 
  (0.997744,0.00483757)   (-0.133442,0.0584417)   (-0.0476654,0.043478)
  (-0.154048,-0.157877)   (0.998259,0.00338468) (-0.0615381,-0.0499023)
   (0.0875806,0.069386)  (-0.132997,-0.0171942)   (0.998175,0.00219511)
b = 232berrymatrix_step = 
  (0.997983,0.00689457)  (-0.17833,-0.00951986)  (-0.0784012,-0.025939)
  (-0.205717,-0.086962)   (0.998579,0.00666982) (-0.172878,-0.00792082)
 (-0.135218,-0.0489428)   (-0.196855,-0.126394)   (0.998843,0.00612665)
b = 233berrymatrix_step = 
 (0.998437,0.00220907) (-0.109841,-0.0112082)   (0.0355694,0.186886)
(-0.107531,-0.0366467)   (0.998399,0.0116149)  (-0.106386,0.0201477)
 (0.0928512,0.0360571) (-0.157825,-0.0722964) (0.998342,0.000607324)
b = 234berrymatrix_step = 
(0.998362,-0.00328472)   (-0.07276,0.0706356) (0.0794709,-0.0590815)
(-0.146493,-0.0389671)  (0.997829,0.00295773)   (-0.106767,0.149881)
(-0.0468679,0.0815443)   (-0.160897,0.094904)  (0.998092,0.00529047)
b = 235berrymatrix_step = 
(0.998679,-0.00233568)  (-0.128851,0.0298394) (-0.0984734,-0.149052)
 (-0.12836,0.00647633)  (0.997952,0.00304299)   (-0.16824,0.0442628)
(0.0255438,-0.0525344) (-0.137198,-0.0554239) (0.999069,-0.00298393)
b = 236berrymatrix_step = 
(0.998489,-0.00149743)  (0.0556075,0.0942966)    (0.103244,0.110265)
(-0.0904337,-0.118688) (0.998725,-0.00234262) (-0.0852675,0.0254636)
  (0.155633,0.0482827) (-0.108306,-0.0932682) (0.998301,-0.00119571)
b = 237berrymatrix_step = 
    (0.997981,0.0103038)   (-0.227616,-0.0301039)    (0.00543089,0.120978)
  (-0.214219,-0.0349374)    (0.998429,0.00141078)    (-0.172893,0.0264373)
(0.0505349,-0.000972745)   (-0.144362,-0.0440246)    (0.998505,0.00339567)
b = 238berrymatrix_step = 
 (0.998509,-0.00651174)   (-0.179463,0.0353285) (-0.0769521,-0.0141398)
 (-0.0385214,-0.277359)   (0.998579,-0.0049586)    (-0.154041,0.135653)
  (0.113865,-0.0803151)  (-0.186219,-0.0674347)   (0.998292,0.00517104)
b = 239berrymatrix_step = 
 (0.998366,-0.00723683)  (-0.0541403,0.0418455)  (0.0539255,-0.0126932)
(-0.0338748,-0.0907867)    (0.998372,-0.002404)   (-0.163909,0.0385612)
 (0.104392,-0.00347582)  (-0.141182,-0.0219961)   (0.998028,0.00385628)
b = 240berrymatrix_step = 
 (0.998717,-0.00197885)   (-0.0520947,0.166331)   (0.0545002,-0.123396)
  (-0.11844,-0.0270981)   (0.998688,0.00218105)    (-0.168912,0.128995)
(-0.0124635,-0.0064279)  (-0.218797,-0.0486214)    (0.99821,0.00694388)
b = 241berrymatrix_step = 
    (0.998122,0.001216)    (-0.15121,0.0170432)   (0.0290559,0.0464196)
 (-0.142868,-0.0590052)  (0.998828,-0.00019914)  (-0.0828228,0.0369166)
  (0.032641,-0.0460021) (-0.0908804,-0.0415083)     (0.99852,0.0046479)
b = 242berrymatrix_step = 
(0.998886,-0.000243636)   (-0.122606,0.0901454) (-0.0544653,-0.0045761)
(-0.0576397,0.00457438)  (0.998686,-0.00129791)  (-0.0769887,0.0705621)
 (-0.0378094,-0.116538)  (-0.142672,-0.0176257)   (0.997517,0.00257138)
b = 243berrymatrix_step = 
(0.998499,-0.00621459) (-0.139664,-0.0268007) (-0.0875536,0.0449019)
(-0.0760779,-0.103171)  (0.997864,0.00218868)   (-0.151963,0.141432)
 (0.0791777,-0.211711) (-0.235253,-0.0661378)   (0.99847,0.00882611)
b = 244berrymatrix_step = 
  (0.998798,0.00237296)  (-0.0542227,0.0990913)  (0.0370541,-0.0668788)
(-0.0453571,-0.0632468)  (0.998743,-0.00245156)  (-0.0762964,0.0864773)
 (-0.0679196,0.0296999) (-0.0839779,0.00287166)  (0.999056,-0.00236472)
b = 245berrymatrix_step = 
 (0.998592,0.00479213) (-0.093272,-0.0339247)  (0.0390359,-0.127604)
(-0.187371,-0.0740292)  (0.998686,0.00237923)   (-0.113141,0.105948)
(0.0101525,0.00592606)  (-0.104776,-0.066129) (0.998365,-0.00781815)
b = 246berrymatrix_step = 
    (0.998336,0.014279)   (-0.145558,0.0700093)   (0.0238562,0.0808275)
   (-0.111042,0.020345)    (0.9988,0.000782363)   (-0.167688,0.0521506)
(0.0568341,0.000811933)  (-0.181738,-0.0513061)   (0.998578,0.00705242)
b = 247berrymatrix_step = 
 (0.998474,-0.00511401)    (-0.128285,0.121625) (-0.0944187,-0.0964242)
  (0.0222198,0.0484908)  (0.998793,-0.00441102)   (-0.143391,0.0879436)
  (-0.117768,0.0283477)   (-0.187157,-0.207035)   (0.998261,0.00263106)
b = 248berrymatrix_step = 
  (0.998803,0.00354645)    (-0.0594293,0.26804)  (-0.0952594,0.0370942)
 (-0.239834,-0.0713177)   (0.998449,0.00396498)     (-0.11793,0.021056)
  (0.0785559,0.0375168) (-0.0360266,-0.0530819)  (0.998597,-0.00727643)
b = 249berrymatrix_step = 
 (0.998222,-0.00133255)  (-0.104394,-0.0490718)    (0.0829188,0.130362)
  (0.0924957,-0.116087)  (0.998798,-0.00624769)    (0.0687059,0.128409)
(-0.0355492,-0.0205258)  (-0.060869,-0.0862708)    (0.998113,0.0017501)
b = 250berrymatrix_step = 
   (0.998745,-0.0034524)     (-0.120794,0.114663) (-0.00137369,-0.0843446)
   (-0.233365,0.0406695)  (0.998276,-0.000911334)     (-0.10961,0.0410154)
    (0.070897,0.0414073)   (-0.0449098,-0.114581)   (0.998294,-0.00656418)
b = 251berrymatrix_step = 
    (0.99822,0.0068451)    (-0.237152,0.167443)  (0.0502222,0.00151809)
  (-0.188691,0.0411213)   (0.997965,-0.0027583)   (-0.184978,0.0605308)
 (-0.0176783,0.0818981) (-0.0767456,-0.0232052)  (0.998759,-0.00250034)
b = 252berrymatrix_step = 
  (0.998606,-0.00181244) (-0.0872644,-0.00198286)    (0.121831,-0.0011917)
   (0.0262478,-0.172968)    (0.998572,0.00419517)    (-0.071356,-0.066248)
   (0.0702532,0.0337079)    (0.0197267,-0.132148)   (0.998459,-0.00859026)
b = 253berrymatrix_step = 
  (0.997924,0.00333205)   (-0.151615,0.0853262)   (-0.034933,0.0800083)
 (-0.138212,-0.0359643)   (0.998528,0.00436737)    (-0.0768203,0.11494)
   (0.105979,0.0813736)   (-0.127225,-0.166558) (0.998651,-0.000454668)
b = 254berrymatrix_step = 
  (0.998388,0.00424566)   (-0.156565,0.0625812) (0.0179741,-0.00304262)
(-0.0843447,-0.0998843)  (0.998546,-0.00424485)   (-0.0662018,0.143224)
  (0.0151067,0.0770925)  (-0.145318,-0.0484648)    (0.997929,-0.010107)
b = 255berrymatrix_step = 
   (0.998124,-0.0087342)    (-0.132009,0.0635187)   (-0.119654,-0.0407886)
(-0.00933048,-0.0264394)    (0.998469,0.00235309)   (-0.179212,-0.0360287)
   (0.0380418,0.0836924)   (0.0230305,-0.0810405)    (0.998775,-0.0086381)
b = 256berrymatrix_step = 
    (0.998758,0.0014756)    (-0.108922,0.0044686)    (0.0438663,0.0278995)
  (-0.0939161,0.0400499)     (0.99862,0.00475037)     (-0.14355,-0.133214)
(-0.00739138,-0.0981808)  (-0.0591182,0.00599422)  (0.998162,-0.000697486)
b = 257berrymatrix_step = 
     (0.9985,0.0057853) (-0.0472248,-0.0300653)  (-0.0210215,0.0171378)
 (-0.0466588,-0.156819)  (0.997999,-0.00784142)    (-0.219143,0.020469)
  (0.0592248,0.0096779)    (-0.157225,0.126843)  (0.998914,-0.00113107)
b = 258berrymatrix_step = 
 (0.998352,-0.00509111)    (-0.143735,0.137252)    (0.111916,0.0353932)
  (-0.174849,-0.149811)   (0.998502,0.00483391) (-0.180017,-0.00358799)
  (0.118602,-0.0624639)  (-0.0842475,0.0366897)  (0.998645,-0.00629999)
b = 259berrymatrix_step = 
(0.998719,-2.32487e-05)    (0.0121121,0.103331)  (-0.0662199,0.0882383)
  (-0.121754,-0.113973)    (0.998785,0.0108691)     (-0.15854,0.143026)
   (0.0376336,0.106932)   (0.0148126,0.0720368)   (0.998372,0.00249789)
