0 0 0.025 0   1.10019
0.025 0 0.05 0   0.794252
0.05 0 0.075 0   0.787629
0.075 0 0.1 0   0.787965
0.1 0 0.125 0   0.729012
0.125 0 0.15 0   0.816965
0.15 0 0.175 0   1.10841
0.175 0 0.2 0   0.978405
0.2 0 0.225 0   0.98161
0.225 0 0.25 0   0.862538
0.25 0 0.275 0   0.965851
0.275 0 0.3 0   0.91103
0.3 0 0.325 0   1.03783
0.325 0 0.35 0   1.09265
0.35 0 0.375 0   0.765859
0.375 0 0.4 0   1.10381
0.4 0 0.425 0   1.13366
0.425 0 0.45 0   0.955966
0.45 0 0.475 0   0.885804
0.475 0 0.5 0   1.02588
0.5 0 0.5 0.025   0.79404
0.5 0.025 0.5 0.05   0.99245
0.5 0.05 0.5 0.075   0.954368
0.5 0.075 0.5 0.1   0.918395
0.5 0.1 0.5 0.125   0.927532
0.5 0.125 0.5 0.15   0.996776
0.5 0.15 0.5 0.175   0.917469
0.5 0.175 0.5 0.2   0.619215
0.5 0.2 0.5 0.225   0.908653
0.5 0.225 0.5 0.25   0.779024
0.5 0.25 0.5 0.275   1.04361
0.5 0.275 0.5 0.3   0.775485
0.5 0.3 0.5 0.325   1.13375
0.5 0.325 0.5 0.35   1.01811
0.5 0.35 0.5 0.375   0.895666
0.5 0.375 0.5 0.4   1.22052
0.5 0.4 0.5 0.425   1.04521
0.5 0.425 0.5 0.45   0.975806
0.5 0.45 0.5 0.475   0.753208
0.5 0.475 0.5 0.5   0.909425
0.5 0.5 0.475 0.5   0.836813
0.475 0.5 0.45 0.5   0.964718
0.45 0.5 0.425 0.5   0.828306
0.425 0.5 0.4 0.5   1.08765
0.4 0.5 0.375 0.5   0.780213
0.375 0.5 0.35 0.5   0.913506
0.35 0.5 0.325 0.5   0.835776
0.325 0.5 0.3 0.5   1.30372
0.3 0.5 0.275 0.5   1.01863
0.275 0.5 0.25 0.5   1.09633
0.25 0.5 0.225 0.5   0.873981
0.225 0.5 0.2 0.5   0.921559
0.2 0.5 0.175 0.5   0.899621
0.175 0.5 0.15 0.5   0.890136
0.15 0.5 0.125 0.5   1.0643
0.125 0.5 0.1 0.5   0.924614
0.1 0.5 0.075 0.5   1.06244
0.075 0.5 0.05 0.5   0.942678
0.05 0.5 0.025 0.5   0.829551
0.025 0.5 0 0.5   0.912325
0 0.5 0 0.475   1.01365
0 0.475 0 0.45   0.703066
0 0.45 0 0.425   0.915307
0 0.425 0 0.4   0.474974
0 0.4 0 0.375   1.05085
0 0.375 0 0.35   0.992995
0 0.35 0 0.325   0.936684
0 0.325 0 0.3   1.09209
0 0.3 0 0.275   0.966142
0 0.275 0 0.25   0.859697
0 0.25 0 0.225   0.854263
0 0.225 0 0.2   0.905594
0 0.2 0 0.175   1.07339
0 0.175 0 0.15   1.01014
0 0.15 0 0.125   1.0517
0 0.125 0 0.1   0.923413
0 0.1 0 0.075   1.15848
0 0.075 0 0.05   0.836015
0 0.05 0 0.025   1.00492
0 0.025 0 0   1.06519
