0 0 4.69984
0 0.00238095 4.69518
0 0.0047619 4.70994
0 0.00714286 4.70235
0 0.00952381 4.70257
0 0.0119048 4.69184
0 0.0142857 4.6969
0 0.0166667 4.69402
0 0.0190476 4.69031
0 0.0214286 4.69117
0 0.0238095 4.69825
0 0.0261905 4.7101
0 0.0285714 4.68595
0 0.0309524 4.67256
0 0.0333333 4.69551
0 0.0357143 4.69989
0 0.0380952 4.69827
0 0.0404762 4.70182
0 0.0428571 4.70134
0 0.0452381 4.68263
0 0.047619 4.70677
0 0.05 4.69864
0 0.052381 4.70164
0 0.0547619 4.70223
0 0.0571429 4.70327
0 0.0595238 4.69254
0 0.0619048 4.69294
0 0.0642857 4.69649
0 0.0666667 4.69215
0 0.0690476 4.69124
0 0.0714286 4.70526
0 0.0738095 4.6972
0 0.0761905 4.69848
0 0.0785714 4.68801
0 0.0809524 4.69246
0 0.0833333 4.69397
0 0.0857143 4.68952
0 0.0880952 4.6814
0 0.0904762 4.69903
0 0.0928571 4.68721
0 0.0952381 4.69683
0 0.097619 4.713
0 0.1 4.68436
0 0.102381 4.69188
0 0.104762 4.70563
0 0.107143 4.70935
0 0.109524 4.68061
0 0.111905 4.7179
0 0.114286 4.701
0 0.116667 4.69234
0 0.119048 4.69937
0 0.121429 4.68337
0 0.12381 4.7053
0 0.12619 4.69688
0 0.128571 4.72119
0 0.130952 4.67699
0 0.133333 4.69488
0 0.135714 4.68673
0 0.138095 4.69361
0 0.140476 4.72146
0 0.142857 4.70347
0 0.145238 4.70534
0 0.147619 4.70214
0 0.15 4.68776
0 0.152381 4.69741
0 0.154762 4.69188
0 0.157143 4.69458
0 0.159524 4.69398
0 0.161905 4.70219
0 0.164286 4.68319
0 0.166667 4.70169
0 0.169048 4.71353
0 0.171429 4.69065
0 0.17381 4.68729
0 0.17619 4.68328
0 0.178571 4.70838
0 0.180952 4.68511
0 0.183333 4.69697
0 0.185714 4.69977
0 0.188095 4.6875
0 0.190476 4.72119
0 0.192857 4.68973
0 0.195238 4.69057
0 0.197619 4.69582
0 0.2 4.68036
0 0.202381 4.71657
0 0.204762 4.67325
0 0.207143 4.70743
0 0.209524 4.69607
0 0.211905 4.69464
0 0.214286 4.68697
0 0.216667 4.69183
0 0.219048 4.71169
0 0.221429 4.69284
0 0.22381 4.71057
0 0.22619 4.68486
0 0.228571 4.68446
0 0.230952 4.72287
0 0.233333 4.69007
0 0.235714 4.69946
0 0.238095 4.68604
0 0.240476 4.69186
0 0.242857 4.69086
0 0.245238 4.68274
0 0.247619 4.70265
0 0.25 4.69288
0 0.252381 4.69564
0 0.254762 4.70157
0 0.257143 4.68558
0 0.259524 4.71496
0 0.261905 4.69426
0 0.264286 4.6993
0 0.266667 4.68191
0 0.269048 4.70775
0 0.271429 4.67869
0 0.27381 4.69335
0 0.27619 4.69404
0 0.278571 4.68519
0 0.280952 4.70328
0 0.283333 4.70078
0 0.285714 4.70298
0 0.288095 4.6865
0 0.290476 4.69732
0 0.292857 4.70234
0 0.295238 4.69557
0 0.297619 4.68458
0 0.3 4.68684
0 0.302381 4.69108
0 0.304762 4.69088
0 0.307143 4.68667
0 0.309524 4.69031
0 0.311905 4.70091
0 0.314286 4.69181
0 0.316667 4.68456
0 0.319048 4.68866
0 0.321429 4.69707
0 0.32381 4.68966
0 0.32619 4.69191
0 0.328571 4.7015
0 0.330952 4.69919
0 0.333333 4.68459
0 0.335714 4.69098
0 0.338095 4.69376
0 0.340476 4.7064
0 0.342857 4.69925
0 0.345238 4.69371
0 0.347619 4.67373
0 0.35 4.71772
0 0.352381 4.69022
0 0.354762 4.69823
0 0.357143 4.69507
0 0.359524 4.66808
0 0.361905 4.69596
0 0.364286 4.70323
0 0.366667 4.67885
0 0.369048 4.69459
0 0.371429 4.68371
0 0.37381 4.6958
0 0.37619 4.68992
0 0.378571 4.71553
0 0.380952 4.68537
0 0.383333 4.69661
0 0.385714 4.68802
0 0.388095 4.68144
0 0.390476 4.70387
0 0.392857 4.69564
0 0.395238 4.70599
0 0.397619 4.69258
0 0.4 4.69148
0 0.402381 4.68246
0 0.404762 4.68686
0 0.407143 4.68965
0 0.409524 4.69569
0 0.411905 4.7092
0 0.414286 4.6956
0 0.416667 4.68203
0 0.419048 4.70334
0 0.421429 4.69194
0 0.42381 4.70481
0 0.42619 4.71096
0 0.428571 4.69525
0 0.430952 4.69481
0 0.433333 4.69198
0 0.435714 4.69304
0 0.438095 4.69086
0 0.440476 4.68551
0 0.442857 4.689
0 0.445238 4.6791
0 0.447619 4.68353
0 0.45 4.69257
0 0.452381 4.68033
0 0.454762 4.69717
0 0.457143 4.69452
0 0.459524 4.68074
0 0.461905 4.68755
0 0.464286 4.71345
0 0.466667 4.69503
0 0.469048 4.67895
0 0.471429 4.68338
0 0.47381 4.68381
0 0.47619 4.68598
0 0.478571 4.69134
0 0.480952 4.69377
0 0.483333 4.69527
0 0.485714 4.7012
0 0.488095 4.68708
0 0.490476 4.69222
0 0.492857 4.67742
0 0.495238 4.71127
0 0.497619 4.68492
0 0.5 4.69181
0 0.502381 4.68944
0 0.504762 4.69425
0 0.507143 4.67331
0 0.509524 4.69232
0 0.511905 4.71526
0 0.514286 4.70052
0 0.516667 4.70547
0 0.519048 4.69596
0 0.521429 4.68784
0 0.52381 4.70013
0 0.52619 4.69885
0 0.528571 4.70048
0 0.530952 4.69051
0 0.533333 4.68315
0 0.535714 4.6735
0 0.538095 4.68346
0 0.540476 4.6912
0 0.542857 4.68828
0 0.545238 4.69807
0 0.547619 4.70144
0 0.55 4.6984
0 0.552381 4.69704
0 0.554762 4.70496
0 0.557143 4.68496
0 0.559524 4.68641
0 0.561905 4.70965
0 0.564286 4.67888
0 0.566667 4.70536
0 0.569048 4.6833
0 0.571429 4.67405
0 0.57381 4.68419
0 0.57619 4.70901
0 0.578571 4.69637
0 0.580952 4.69368
0 0.583333 4.68744
0 0.585714 4.69439
0 0.588095 4.70218
0 0.590476 4.68969
0 0.592857 4.69542
0 0.595238 4.68327
0 0.597619 4.70753
0 0.6 4.70066
0 0.602381 4.69615
0 0.604762 4.69569
0 0.607143 4.69716
0 0.609524 4.69234
0 0.611905 4.69977
0 0.614286 4.68964
0 0.616667 4.69651
0 0.619048 4.68349
0 0.621429 4.6785
0 0.62381 4.69246
0 0.62619 4.68962
0 0.628571 4.69467
0 0.630952 4.68729
0 0.633333 4.69959
0 0.635714 4.69687
0 0.638095 4.70192
0 0.640476 4.71143
0 0.642857 4.68653
0 0.645238 4.681
0 0.647619 4.6921
0 0.65 4.70483
0 0.652381 4.68595
0 0.654762 4.68345
0 0.657143 4.71775
0 0.659524 4.66933
0 0.661905 4.68778
0 0.664286 4.67935
0 0.666667 4.69556
0 0.669048 4.68988
0 0.671429 4.68676
0 0.67381 4.68574
0 0.67619 4.7002
0 0.678571 4.68859
0 0.680952 4.69191
0 0.683333 4.68959
0 0.685714 4.68855
0 0.688095 4.6935
0 0.690476 4.69329
0 0.692857 4.6967
0 0.695238 4.69167
0 0.697619 4.68175
0 0.7 4.69379
0 0.702381 4.69079
0 0.704762 4.69916
0 0.707143 4.69195
0 0.709524 4.68485
0 0.711905 4.67264
0 0.714286 4.68446
0 0.716667 4.6961
0 0.719048 4.68714
0 0.721429 4.69262
0 0.72381 4.69517
0 0.72619 4.69743
0 0.728571 4.70322
0 0.730952 4.6982
0 0.733333 4.69107
0 0.735714 4.68617
0 0.738095 4.70098
0 0.740476 4.69181
0 0.742857 4.68696
0 0.745238 4.69097
0 0.747619 4.71225
0 0.75 4.69819
0 0.752381 4.68993
0 0.754762 4.69334
0 0.757143 4.69331
0 0.759524 4.69712
0 0.761905 4.70609
0 0.764286 4.70233
0 0.766667 4.69621
0 0.769048 4.70319
0 0.771429 4.70267
0 0.77381 4.68707
0 0.77619 4.69076
0 0.778571 4.70521
0 0.780952 4.68687
0 0.783333 4.68711
0 0.785714 4.69686
0 0.788095 4.68074
0 0.790476 4.7077
0 0.792857 4.70751
0 0.795238 4.68814
0 0.797619 4.68965
0 0.8 4.70003
0 0.802381 4.68894
0 0.804762 4.70127
0 0.807143 4.71024
0 0.809524 4.70722
0 0.811905 4.689
0 0.814286 4.67857
0 0.816667 4.6857
0 0.819048 4.69587
0 0.821429 4.6912
0 0.82381 4.68854
0 0.82619 4.6859
0 0.828571 4.69304
0 0.830952 4.68162
0 0.833333 4.70152
0 0.835714 4.70212
0 0.838095 4.69958
0 0.840476 4.691
0 0.842857 4.69889
0 0.845238 4.69137
0 0.847619 4.7082
0 0.85 4.69821
0 0.852381 4.70228
0 0.854762 4.6962
0 0.857143 4.69268
0 0.859524 4.71282
0 0.861905 4.7044
0 0.864286 4.71423
0 0.866667 4.70222
0 0.869048 4.68977
0 0.871429 4.70492
0 0.87381 4.6911
0 0.87619 4.69725
0 0.878571 4.69932
0 0.880952 4.68668
0 0.883333 4.70322
0 0.885714 4.70027
0 0.888095 4.70389
0 0.890476 4.71208
0 0.892857 4.69046
0 0.895238 4.69245
0 0.897619 4.69316
0 0.9 4.70141
0 0.902381 4.71844
0 0.904762 4.71492
0 0.907143 4.69918
0 0.909524 4.69154
0 0.911905 4.69887
0 0.914286 4.69713
0 0.916667 4.69427
0 0.919048 4.70144
0 0.921429 4.67873
0 0.92381 4.69101
0 0.92619 4.6925
0 0.928571 4.68919
0 0.930952 4.68824
0 0.933333 4.68084
0 0.935714 4.69353
0 0.938095 4.69337
0 0.940476 4.69339
0 0.942857 4.69332
0 0.945238 4.70334
0 0.947619 4.68564
0 0.95 4.6845
0 0.952381 4.69787
0 0.954762 4.69924
0 0.957143 4.68931
0 0.959524 4.70142
0 0.961905 4.69414
0 0.964286 4.68237
0 0.966667 4.70435
0 0.969048 4.68504
0 0.971429 4.69403
0 0.97381 4.68859
0 0.97619 4.70167
0 0.978571 4.68465
0 0.980952 4.69887
0 0.983333 4.6972
0 0.985714 4.6983
0 0.988095 4.68369
0 0.990476 4.70416
0 0.992857 4.69841
0 0.995238 4.69066
0 0.997619 4.68551
0.00238095 0 4.69054
0.00238095 0.00238095 4.6813
0.00238095 0.0047619 4.69724
0.00238095 0.00714286 4.69668
0.00238095 0.00952381 4.69495
0.00238095 0.0119048 4.70076
0.00238095 0.0142857 4.6844
0.00238095 0.0166667 4.69796
0.00238095 0.0190476 4.68814
0.00238095 0.0214286 4.69272
0.00238095 0.0238095 4.68995
0.00238095 0.0261905 4.67788
0.00238095 0.0285714 4.68228
0.00238095 0.0309524 4.67442
0.00238095 0.0333333 4.69038
0.00238095 0.0357143 4.68948
0.00238095 0.0380952 4.68852
0.00238095 0.0404762 4.69988
0.00238095 0.0428571 4.69645
0.00238095 0.0452381 4.69107
0.00238095 0.047619 4.68274
0.00238095 0.05 4.69995
0.00238095 0.052381 4.69567
0.00238095 0.0547619 4.68371
0.00238095 0.0571429 4.69292
0.00238095 0.0595238 4.69017
0.00238095 0.0619048 4.68527
0.00238095 0.0642857 4.69963
0.00238095 0.0666667 4.67582
0.00238095 0.0690476 4.69255
0.00238095 0.0714286 4.68321
0.00238095 0.0738095 4.7003
0.00238095 0.0761905 4.69785
0.00238095 0.0785714 4.69458
0.00238095 0.0809524 4.68718
0.00238095 0.0833333 4.69289
0.00238095 0.0857143 4.71275
0.00238095 0.0880952 4.69444
0.00238095 0.0904762 4.71348
0.00238095 0.0928571 4.69125
0.00238095 0.0952381 4.70405
0.00238095 0.097619 4.69963
0.00238095 0.1 4.68641
0.00238095 0.102381 4.69237
0.00238095 0.104762 4.69246
0.00238095 0.107143 4.68426
0.00238095 0.109524 4.68771
0.00238095 0.111905 4.69954
0.00238095 0.114286 4.69784
0.00238095 0.116667 4.7079
0.00238095 0.119048 4.70468
0.00238095 0.121429 4.69592
0.00238095 0.12381 4.70059
0.00238095 0.12619 4.7163
0.00238095 0.128571 4.70011
0.00238095 0.130952 4.69595
0.00238095 0.133333 4.68966
0.00238095 0.135714 4.70683
0.00238095 0.138095 4.70023
0.00238095 0.140476 4.70469
0.00238095 0.142857 4.69376
0.00238095 0.145238 4.70833
0.00238095 0.147619 4.70475
0.00238095 0.15 4.6881
0.00238095 0.152381 4.69916
0.00238095 0.154762 4.70193
0.00238095 0.157143 4.70466
0.00238095 0.159524 4.6995
0.00238095 0.161905 4.69779
0.00238095 0.164286 4.71051
0.00238095 0.166667 4.68811
0.00238095 0.169048 4.69438
0.00238095 0.171429 4.7091
0.00238095 0.17381 4.68845
0.00238095 0.17619 4.6966
0.00238095 0.178571 4.69107
0.00238095 0.180952 4.69856
0.00238095 0.183333 4.70785
0.00238095 0.185714 4.71036
0.00238095 0.188095 4.6889
0.00238095 0.190476 4.68971
0.00238095 0.192857 4.69808
0.00238095 0.195238 4.68818
0.00238095 0.197619 4.68518
0.00238095 0.2 4.70087
0.00238095 0.202381 4.70549
0.00238095 0.204762 4.69386
0.00238095 0.207143 4.69166
0.00238095 0.209524 4.69921
0.00238095 0.211905 4.71019
0.00238095 0.214286 4.69948
0.00238095 0.216667 4.69831
0.00238095 0.219048 4.69511
0.00238095 0.221429 4.69561
0.00238095 0.22381 4.6982
0.00238095 0.22619 4.68314
0.00238095 0.228571 4.68408
0.00238095 0.230952 4.68709
0.00238095 0.233333 4.68375
0.00238095 0.235714 4.68535
0.00238095 0.238095 4.71011
0.00238095 0.240476 4.69789
0.00238095 0.242857 4.68946
0.00238095 0.245238 4.70539
0.00238095 0.247619 4.6858
0.00238095 0.25 4.68455
0.00238095 0.252381 4.6764
0.00238095 0.254762 4.6964
0.00238095 0.257143 4.69942
0.00238095 0.259524 4.6884
0.00238095 0.261905 4.68126
0.00238095 0.264286 4.70008
0.00238095 0.266667 4.68937
0.00238095 0.269048 4.69732
0.00238095 0.271429 4.68599
0.00238095 0.27381 4.67913
0.00238095 0.27619 4.68215
0.00238095 0.278571 4.69925
0.00238095 0.280952 4.68288
0.00238095 0.283333 4.67794
0.00238095 0.285714 4.72178
0.00238095 0.288095 4.70597
0.00238095 0.290476 4.6867
0.00238095 0.292857 4.7018
0.00238095 0.295238 4.69523
0.00238095 0.297619 4.69883
0.00238095 0.3 4.69249
0.00238095 0.302381 4.7023
0.00238095 0.304762 4.69033
0.00238095 0.307143 4.69244
0.00238095 0.309524 4.68178
0.00238095 0.311905 4.69259
0.00238095 0.314286 4.68351
0.00238095 0.316667 4.69993
0.00238095 0.319048 4.67631
0.00238095 0.321429 4.68516
0.00238095 0.32381 4.68971
0.00238095 0.32619 4.69691
0.00238095 0.328571 4.70801
0.00238095 0.330952 4.68813
0.00238095 0.333333 4.68451
0.00238095 0.335714 4.70728
0.00238095 0.338095 4.69956
0.00238095 0.340476 4.6961
0.00238095 0.342857 4.68177
0.00238095 0.345238 4.68543
0.00238095 0.347619 4.71998
0.00238095 0.35 4.68728
0.00238095 0.352381 4.70022
0.00238095 0.354762 4.67353
0.00238095 0.357143 4.69436
0.00238095 0.359524 4.68524
0.00238095 0.361905 4.69326
0.00238095 0.364286 4.6982
0.00238095 0.366667 4.6854
0.00238095 0.369048 4.69906
0.00238095 0.371429 4.69853
0.00238095 0.37381 4.69275
0.00238095 0.37619 4.68882
0.00238095 0.378571 4.70352
0.00238095 0.380952 4.69333
0.00238095 0.383333 4.6952
0.00238095 0.385714 4.70731
0.00238095 0.388095 4.69124
0.00238095 0.390476 4.69199
0.00238095 0.392857 4.70399
0.00238095 0.395238 4.67951
0.00238095 0.397619 4.69317
0.00238095 0.4 4.70368
0.00238095 0.402381 4.69765
0.00238095 0.404762 4.68615
0.00238095 0.407143 4.69989
0.00238095 0.409524 4.69752
0.00238095 0.411905 4.69411
0.00238095 0.414286 4.71718
0.00238095 0.416667 4.70256
0.00238095 0.419048 4.70631
0.00238095 0.421429 4.71139
0.00238095 0.42381 4.68793
0.00238095 0.42619 4.70566
0.00238095 0.428571 4.69459
0.00238095 0.430952 4.69374
0.00238095 0.433333 4.69264
0.00238095 0.435714 4.70829
0.00238095 0.438095 4.72195
0.00238095 0.440476 4.70137
0.00238095 0.442857 4.70733
0.00238095 0.445238 4.70522
0.00238095 0.447619 4.69941
0.00238095 0.45 4.69864
0.00238095 0.452381 4.68357
0.00238095 0.454762 4.69814
0.00238095 0.457143 4.68487
0.00238095 0.459524 4.69337
0.00238095 0.461905 4.72025
0.00238095 0.464286 4.71663
0.00238095 0.466667 4.69127
0.00238095 0.469048 4.69273
0.00238095 0.471429 4.7061
0.00238095 0.47381 4.6879
0.00238095 0.47619 4.71076
0.00238095 0.478571 4.69868
0.00238095 0.480952 4.68252
0.00238095 0.483333 4.69343
0.00238095 0.485714 4.68657
0.00238095 0.488095 4.68332
0.00238095 0.490476 4.68449
0.00238095 0.492857 4.68553
0.00238095 0.495238 4.70536
0.00238095 0.497619 4.70973
0.00238095 0.5 4.69341
0.00238095 0.502381 4.69422
0.00238095 0.504762 4.69365
0.00238095 0.507143 4.70583
0.00238095 0.509524 4.72196
0.00238095 0.511905 4.71003
0.00238095 0.514286 4.6787
0.00238095 0.516667 4.68674
0.00238095 0.519048 4.693
0.00238095 0.521429 4.6911
0.00238095 0.52381 4.68804
0.00238095 0.52619 4.68351
0.00238095 0.528571 4.69939
0.00238095 0.530952 4.68849
0.00238095 0.533333 4.68669
0.00238095 0.535714 4.69133
0.00238095 0.538095 4.69927
0.00238095 0.540476 4.68928
0.00238095 0.542857 4.6987
0.00238095 0.545238 4.68267
0.00238095 0.547619 4.69247
0.00238095 0.55 4.69666
0.00238095 0.552381 4.69501
0.00238095 0.554762 4.71695
0.00238095 0.557143 4.69054
0.00238095 0.559524 4.69482
0.00238095 0.561905 4.70559
0.00238095 0.564286 4.7177
0.00238095 0.566667 4.73345
0.00238095 0.569048 4.69472
0.00238095 0.571429 4.71987
0.00238095 0.57381 4.69861
0.00238095 0.57619 4.69994
0.00238095 0.578571 4.69377
0.00238095 0.580952 4.69158
0.00238095 0.583333 4.68069
0.00238095 0.585714 4.69427
0.00238095 0.588095 4.69773
0.00238095 0.590476 4.68903
0.00238095 0.592857 4.69354
0.00238095 0.595238 4.67559
0.00238095 0.597619 4.7059
0.00238095 0.6 4.69613
0.00238095 0.602381 4.69774
0.00238095 0.604762 4.67982
0.00238095 0.607143 4.70608
0.00238095 0.609524 4.67573
0.00238095 0.611905 4.6908
0.00238095 0.614286 4.69303
0.00238095 0.616667 4.69657
0.00238095 0.619048 4.70705
0.00238095 0.621429 4.69252
0.00238095 0.62381 4.68493
0.00238095 0.62619 4.69004
0.00238095 0.628571 4.69953
0.00238095 0.630952 4.70232
0.00238095 0.633333 4.6907
0.00238095 0.635714 4.68634
0.00238095 0.638095 4.68649
0.00238095 0.640476 4.70443
0.00238095 0.642857 4.6977
0.00238095 0.645238 4.6961
0.00238095 0.647619 4.68165
0.00238095 0.65 4.69157
0.00238095 0.652381 4.69603
0.00238095 0.654762 4.68616
0.00238095 0.657143 4.69687
0.00238095 0.659524 4.68042
0.00238095 0.661905 4.7014
0.00238095 0.664286 4.70068
0.00238095 0.666667 4.68414
0.00238095 0.669048 4.69082
0.00238095 0.671429 4.7005
0.00238095 0.67381 4.69332
0.00238095 0.67619 4.69015
0.00238095 0.678571 4.68207
0.00238095 0.680952 4.70499
0.00238095 0.683333 4.7149
0.00238095 0.685714 4.69305
0.00238095 0.688095 4.68989
0.00238095 0.690476 4.69292
0.00238095 0.692857 4.68952
0.00238095 0.695238 4.70134
0.00238095 0.697619 4.68137
0.00238095 0.7 4.6928
0.00238095 0.702381 4.69664
0.00238095 0.704762 4.70164
0.00238095 0.707143 4.67504
0.00238095 0.709524 4.69969
0.00238095 0.711905 4.68354
0.00238095 0.714286 4.70853
0.00238095 0.716667 4.69962
0.00238095 0.719048 4.69503
0.00238095 0.721429 4.70268
0.00238095 0.72381 4.68579
0.00238095 0.72619 4.69744
0.00238095 0.728571 4.69558
0.00238095 0.730952 4.69113
0.00238095 0.733333 4.70163
0.00238095 0.735714 4.6939
0.00238095 0.738095 4.68557
0.00238095 0.740476 4.69221
0.00238095 0.742857 4.69967
0.00238095 0.745238 4.69761
0.00238095 0.747619 4.69543
0.00238095 0.75 4.70299
0.00238095 0.752381 4.68234
0.00238095 0.754762 4.6987
0.00238095 0.757143 4.69568
0.00238095 0.759524 4.68908
0.00238095 0.761905 4.69998
0.00238095 0.764286 4.68013
0.00238095 0.766667 4.70209
0.00238095 0.769048 4.68967
0.00238095 0.771429 4.68395
0.00238095 0.77381 4.68363
0.00238095 0.77619 4.68822
0.00238095 0.778571 4.69686
0.00238095 0.780952 4.69814
0.00238095 0.783333 4.69625
0.00238095 0.785714 4.68736
0.00238095 0.788095 4.70625
0.00238095 0.790476 4.70339
0.00238095 0.792857 4.69979
0.00238095 0.795238 4.71235
0.00238095 0.797619 4.69096
0.00238095 0.8 4.6942
0.00238095 0.802381 4.70177
0.00238095 0.804762 4.68078
0.00238095 0.807143 4.69865
0.00238095 0.809524 4.69015
0.00238095 0.811905 4.68488
0.00238095 0.814286 4.70082
0.00238095 0.816667 4.69638
0.00238095 0.819048 4.68664
0.00238095 0.821429 4.68519
0.00238095 0.82381 4.69547
0.00238095 0.82619 4.68419
0.00238095 0.828571 4.71514
0.00238095 0.830952 4.68927
0.00238095 0.833333 4.70138
0.00238095 0.835714 4.69045
0.00238095 0.838095 4.69953
0.00238095 0.840476 4.70639
0.00238095 0.842857 4.69105
0.00238095 0.845238 4.6914
0.00238095 0.847619 4.69639
0.00238095 0.85 4.67753
0.00238095 0.852381 4.69228
0.00238095 0.854762 4.68986
0.00238095 0.857143 4.69673
0.00238095 0.859524 4.68633
0.00238095 0.861905 4.69645
0.00238095 0.864286 4.69033
0.00238095 0.866667 4.68903
0.00238095 0.869048 4.68805
0.00238095 0.871429 4.68957
0.00238095 0.87381 4.69662
0.00238095 0.87619 4.6947
0.00238095 0.878571 4.69994
0.00238095 0.880952 4.7094
0.00238095 0.883333 4.69001
0.00238095 0.885714 4.69213
0.00238095 0.888095 4.69188
0.00238095 0.890476 4.70607
0.00238095 0.892857 4.69486
0.00238095 0.895238 4.68437
0.00238095 0.897619 4.69357
0.00238095 0.9 4.69612
0.00238095 0.902381 4.69062
0.00238095 0.904762 4.70766
0.00238095 0.907143 4.69775
0.00238095 0.909524 4.67677
0.00238095 0.911905 4.69102
0.00238095 0.914286 4.68474
0.00238095 0.916667 4.70367
0.00238095 0.919048 4.70579
0.00238095 0.921429 4.70818
0.00238095 0.92381 4.69788
0.00238095 0.92619 4.6865
0.00238095 0.928571 4.69034
0.00238095 0.930952 4.69541
0.00238095 0.933333 4.67871
0.00238095 0.935714 4.70474
0.00238095 0.938095 4.6918
0.00238095 0.940476 4.68656
0.00238095 0.942857 4.69454
0.00238095 0.945238 4.70444
0.00238095 0.947619 4.70771
0.00238095 0.95 4.70891
0.00238095 0.952381 4.69765
0.00238095 0.954762 4.70138
0.00238095 0.957143 4.69328
0.00238095 0.959524 4.69768
0.00238095 0.961905 4.69639
0.00238095 0.964286 4.69403
0.00238095 0.966667 4.67908
0.00238095 0.969048 4.69838
0.00238095 0.971429 4.68344
0.00238095 0.97381 4.70103
0.00238095 0.97619 4.69307
0.00238095 0.978571 4.70596
0.00238095 0.980952 4.6879
0.00238095 0.983333 4.70176
0.00238095 0.985714 4.68032
0.00238095 0.988095 4.68305
0.00238095 0.990476 4.7016
0.00238095 0.992857 4.69302
0.00238095 0.995238 4.71273
0.00238095 0.997619 4.69257
0.0047619 0 4.69083
0.0047619 0.00238095 4.72137
0.0047619 0.0047619 4.68473
0.0047619 0.00714286 4.70076
0.0047619 0.00952381 4.68674
0.0047619 0.0119048 4.68974
0.0047619 0.0142857 4.68432
0.0047619 0.0166667 4.68826
0.0047619 0.0190476 4.67763
0.0047619 0.0214286 4.68101
0.0047619 0.0238095 4.69164
0.0047619 0.0261905 4.70302
0.0047619 0.0285714 4.69766
0.0047619 0.0309524 4.68848
0.0047619 0.0333333 4.70152
0.0047619 0.0357143 4.68924
0.0047619 0.0380952 4.70656
0.0047619 0.0404762 4.68589
0.0047619 0.0428571 4.69019
0.0047619 0.0452381 4.71779
0.0047619 0.047619 4.69221
0.0047619 0.05 4.7016
0.0047619 0.052381 4.69635
0.0047619 0.0547619 4.69358
0.0047619 0.0571429 4.70676
0.0047619 0.0595238 4.69722
0.0047619 0.0619048 4.6793
0.0047619 0.0642857 4.67678
0.0047619 0.0666667 4.69744
0.0047619 0.0690476 4.70563
0.0047619 0.0714286 4.69988
0.0047619 0.0738095 4.68731
0.0047619 0.0761905 4.68918
0.0047619 0.0785714 4.68605
0.0047619 0.0809524 4.69612
0.0047619 0.0833333 4.67825
0.0047619 0.0857143 4.69581
0.0047619 0.0880952 4.68191
0.0047619 0.0904762 4.69626
0.0047619 0.0928571 4.69873
0.0047619 0.0952381 4.67976
0.0047619 0.097619 4.6878
0.0047619 0.1 4.71378
0.0047619 0.102381 4.68553
0.0047619 0.104762 4.68975
0.0047619 0.107143 4.69473
0.0047619 0.109524 4.70031
0.0047619 0.111905 4.70068
0.0047619 0.114286 4.69887
0.0047619 0.116667 4.69581
0.0047619 0.119048 4.69328
0.0047619 0.121429 4.67544
0.0047619 0.12381 4.69424
0.0047619 0.12619 4.68255
0.0047619 0.128571 4.68246
0.0047619 0.130952 4.69765
0.0047619 0.133333 4.67799
0.0047619 0.135714 4.69677
0.0047619 0.138095 4.70231
0.0047619 0.140476 4.68328
0.0047619 0.142857 4.6905
0.0047619 0.145238 4.68905
0.0047619 0.147619 4.68762
0.0047619 0.15 4.70899
0.0047619 0.152381 4.71423
0.0047619 0.154762 4.68572
0.0047619 0.157143 4.69041
0.0047619 0.159524 4.70096
0.0047619 0.161905 4.6943
0.0047619 0.164286 4.69293
0.0047619 0.166667 4.71253
0.0047619 0.169048 4.69859
0.0047619 0.171429 4.67313
0.0047619 0.17381 4.69875
0.0047619 0.17619 4.69292
0.0047619 0.178571 4.68412
0.0047619 0.180952 4.68911
0.0047619 0.183333 4.68379
0.0047619 0.185714 4.70097
0.0047619 0.188095 4.69248
0.0047619 0.190476 4.70055
0.0047619 0.192857 4.69281
0.0047619 0.195238 4.70054
0.0047619 0.197619 4.70011
0.0047619 0.2 4.70521
0.0047619 0.202381 4.71007
0.0047619 0.204762 4.67706
0.0047619 0.207143 4.7032
0.0047619 0.209524 4.69353
0.0047619 0.211905 4.68188
0.0047619 0.214286 4.70056
0.0047619 0.216667 4.69437
0.0047619 0.219048 4.70429
0.0047619 0.221429 4.69069
0.0047619 0.22381 4.69302
0.0047619 0.22619 4.68176
0.0047619 0.228571 4.70068
0.0047619 0.230952 4.69319
0.0047619 0.233333 4.69977
0.0047619 0.235714 4.68173
0.0047619 0.238095 4.69971
0.0047619 0.240476 4.68939
0.0047619 0.242857 4.71156
0.0047619 0.245238 4.69437
0.0047619 0.247619 4.68567
0.0047619 0.25 4.68479
0.0047619 0.252381 4.69345
0.0047619 0.254762 4.70035
0.0047619 0.257143 4.69708
0.0047619 0.259524 4.71384
0.0047619 0.261905 4.69863
