0   0   -0.422542
0   1   -0.416737
0   2   -0.419758
0   3   -0.421794
0   4   -0.417072
0   5   -0.413783
0   6   -0.413555
0   7   -0.411825
0   8   -0.405205
0   9   -0.403519
0   10   -0.407143
0   11   -0.3998
0   12   -0.391919
0   13   -0.386112
0   14   -0.37951
0   15   -0.370583
0   16   -0.362146
0   17   -0.350252
0   18   -0.33315
0   19   -0.313674
0   20   -0.295157
0   21   -0.272668
0   22   -0.245912
0   23   -0.220643
0   24   -0.195162
0   25   -0.160135
0   26   -0.137221
0   27   -0.105904
0   28   -0.0713218
0   29   -0.0312408
0   30   0.0222873
0   31   0.0460519
0   32   0.0869793
0   33   0.118985
0   34   0.151823
0   35   0.16127
0   36   0.17537
0   37   0.188265
0   38   0.184435
0   39   0.189936
0   40   0.188641
0   41   0.19759
0   42   0.192905
0   43   0.198044
0   44   0.197202
0   45   0.202564
0   46   0.187329
0   47   0.194752
0   48   0.198961
0   49   0.202309
0   50   0.187944
0   51   0.188773
0   52   0.16691
0   53   0.18568
0   54   0.156808
0   55   0.143589
0   56   0.124424
0   57   0.110039
0   58   0.0717615
0   59   0.0361902
0   60   0.00298856
0   61   -0.0266583
0   62   -0.0528275
0   63   -0.0947936
0   64   -0.134499
0   65   -0.164937
0   66   -0.205232
0   67   -0.219522
0   68   -0.246631
0   69   -0.267479
0   70   -0.292332
0   71   -0.313632
0   72   -0.332858
0   73   -0.343809
0   74   -0.357037
0   75   -0.365665
0   76   -0.37651
0   77   -0.383264
0   78   -0.387694
0   79   -0.395096
0   80   -0.395872
0   81   -0.403727
0   82   -0.405007
0   83   -0.408479
0   84   -0.414114
0   85   -0.4112
0   86   -0.415509
0   87   -0.414992
0   88   -0.421042
0   89   -0.420567
1   0   -0.414647
1   1   -0.421268
1   2   -0.416676
1   3   -0.414523
1   4   -0.413244
1   5   -0.415447
1   6   -0.412714
1   7   -0.409216
1   8   -0.407309
1   9   -0.404934
1   10   -0.401022
1   11   -0.401229
1   12   -0.391318
1   13   -0.38626
1   14   -0.380079
1   15   -0.370138
1   16   -0.358518
1   17   -0.349694
1   18   -0.336325
1   19   -0.318897
1   20   -0.301234
1   21   -0.279047
1   22   -0.244022
1   23   -0.217655
1   24   -0.192705
1   25   -0.168425
1   26   -0.127695
1   27   -0.102078
1   28   -0.0655761
1   29   -0.0215221
1   30   0.00127966
1   31   0.0602763
1   32   0.0844864
1   33   0.114876
1   34   0.144509
1   35   0.152333
1   36   0.166343
1   37   0.174025
1   38   0.200236
1   39   0.187157
1   40   0.202914
1   41   0.19394
1   42   0.19921
1   43   0.205434
1   44   0.197009
1   45   0.196807
1   46   0.21614
1   47   0.191748
1   48   0.193386
1   49   0.18778
1   50   0.188437
1   51   0.18559
1   52   0.178929
1   53   0.17773
1   54   0.154646
1   55   0.153953
1   56   0.11529
1   57   0.11249
1   58   0.0898651
1   59   0.0439061
1   60   0.00892335
1   61   -0.022376
1   62   -0.0587809
1   63   -0.0934575
1   64   -0.138626
1   65   -0.164729
1   66   -0.191938
1   67   -0.221768
1   68   -0.248903
1   69   -0.272051
1   70   -0.303362
1   71   -0.315425
1   72   -0.331154
1   73   -0.3506
1   74   -0.355279
1   75   -0.368753
1   76   -0.373953
1   77   -0.3859
1   78   -0.387617
1   79   -0.397311
1   80   -0.395728
1   81   -0.399558
1   82   -0.401973
1   83   -0.407659
1   84   -0.418036
1   85   -0.413707
1   86   -0.415383
1   87   -0.420407
1   88   -0.417326
1   89   -0.417701
2   0   -0.414461
2   1   -0.416891
2   2   -0.417564
2   3   -0.411888
2   4   -0.415892
2   5   -0.415363
2   6   -0.409854
2   7   -0.40507
2   8   -0.404768
2   9   -0.403633
2   10   -0.396906
2   11   -0.393153
2   12   -0.388482
2   13   -0.381942
2   14   -0.372751
2   15   -0.367278
2   16   -0.361922
2   17   -0.341546
2   18   -0.330646
2   19   -0.318346
2   20   -0.294171
2   21   -0.277467
2   22   -0.249767
2   23   -0.218308
2   24   -0.187155
2   25   -0.165747
2   26   -0.136524
2   27   -0.0988905
2   28   -0.0661369
2   29   -0.0316612
2   30   0.0111538
2   31   0.0585802
2   32   0.092254
2   33   0.109492
2   34   0.142601
2   35   0.173506
2   36   0.168124
2   37   0.169851
2   38   0.186805
2   39   0.191705
2   40   0.1944
2   41   0.201397
2   42   0.215911
2   43   0.196111
2   44   0.200339
2   45   0.206283
2   46   0.200214
2   47   0.196496
2   48   0.184618
2   49   0.196608
2   50   0.201811
2   51   0.179031
2   52   0.189974
2   53   0.175414
2   54   0.158241
2   55   0.14114
2   56   0.128394
2   57   0.105852
2   58   0.0740614
2   59   0.0463453
2   60   0.00927808
2   61   -0.0235312
2   62   -0.0600868
2   63   -0.0923504
2   64   -0.130558
2   65   -0.158258
2   66   -0.190213
2   67   -0.22023
2   68   -0.252511
2   69   -0.26878
2   70   -0.297104
2   71   -0.310893
2   72   -0.331611
2   73   -0.343355
2   74   -0.356012
2   75   -0.366238
2   76   -0.380009
2   77   -0.381528
2   78   -0.392316
2   79   -0.391884
2   80   -0.396266
2   81   -0.39987
2   82   -0.404986
2   83   -0.41089
2   84   -0.408662
2   85   -0.413811
2   86   -0.416927
2   87   -0.414808
2   88   -0.414264
2   89   -0.419207
3   0   -0.415492
3   1   -0.417998
3   2   -0.418147
3   3   -0.416199
3   4   -0.410012
3   5   -0.412268
3   6   -0.41042
3   7   -0.411246
3   8   -0.407464
3   9   -0.408708
3   10   -0.398752
3   11   -0.395734
3   12   -0.390815
3   13   -0.382636
3   14   -0.377094
3   15   -0.368172
3   16   -0.364472
3   17   -0.343066
3   18   -0.331061
3   19   -0.315634
3   20   -0.290655
3   21   -0.268693
3   22   -0.242502
3   23   -0.217686
3   24   -0.186824
3   25   -0.159523
3   26   -0.13078
3   27   -0.104578
3   28   -0.0664827
3   29   -0.0330185
3   30   0.0195519
3   31   0.0638593
3   32   0.0941293
3   33   0.134709
3   34   0.147098
3   35   0.175584
3   36   0.173287
3   37   0.177935
3   38   0.185342
3   39   0.195275
3   40   0.18939
3   41   0.197368
3   42   0.203354
3   43   0.203504
3   44   0.196767
3   45   0.199128
3   46   0.202302
3   47   0.200972
3   48   0.193431
3   49   0.19493
3   50   0.199602
3   51   0.176208
3   52   0.164981
3   53   0.18647
3   54   0.168969
3   55   0.152032
3   56   0.137285
3   57   0.112831
3   58   0.0898639
3   59   0.0512014
3   60   0.0230195
3   61   -0.0169359
3   62   -0.061708
3   63   -0.0839772
3   64   -0.125284
3   65   -0.161317
3   66   -0.194479
3   67   -0.223851
3   68   -0.247147
3   69   -0.275386
3   70   -0.290639
3   71   -0.309798
3   72   -0.325029
3   73   -0.345811
3   74   -0.352486
3   75   -0.366495
3   76   -0.377844
3   77   -0.377437
3   78   -0.386955
3   79   -0.389805
3   80   -0.402202
3   81   -0.403782
3   82   -0.402868
3   83   -0.410325
3   84   -0.412245
3   85   -0.415804
3   86   -0.411375
3   87   -0.415277
3   88   -0.418907
3   89   -0.417397
4   0   -0.414692
4   1   -0.416188
4   2   -0.411411
4   3   -0.416153
4   4   -0.40867
4   5   -0.411237
4   6   -0.405884
4   7   -0.407019
4   8   -0.40693
4   9   -0.399245
4   10   -0.397872
4   11   -0.392619
4   12   -0.387396
4   13   -0.381158
4   14   -0.37304
4   15   -0.371644
4   16   -0.35323
4   17   -0.343494
4   18   -0.337293
4   19   -0.312077
4   20   -0.286374
4   21   -0.268063
4   22   -0.246467
4   23   -0.218581
4   24   -0.189193
4   25   -0.154979
4   26   -0.122843
4   27   -0.0919198
4   28   -0.0564192
4   29   -0.0170523
4   30   0.0221898
4   31   0.0551601
4   32   0.086784
4   33   0.125168
4   34   0.148088
4   35   0.163956
4   36   0.171156
4   37   0.191487
4   38   0.18956
4   39   0.194525
4   40   0.208225
4   41   0.202535
4   42   0.198602
4   43   0.199335
4   44   0.196685
4   45   0.211948
4   46   0.198834
4   47   0.199481
4   48   0.190252
4   49   0.192152
4   50   0.193266
4   51   0.190344
4   52   0.181365
4   53   0.171656
4   54   0.162507
4   55   0.146996
4   56   0.130673
4   57   0.1136
4   58   0.0885829
4   59   0.0526336
4   60   0.0263123
4   61   -0.0197454
4   62   -0.0456516
4   63   -0.0891041
4   64   -0.124834
4   65   -0.161389
4   66   -0.193258
4   67   -0.220496
4   68   -0.257889
4   69   -0.274874
4   70   -0.300245
4   71   -0.31684
4   72   -0.328691
4   73   -0.341405
4   74   -0.357023
4   75   -0.367109
4   76   -0.369201
4   77   -0.382303
4   78   -0.386635
4   79   -0.391479
4   80   -0.400734
4   81   -0.40502
4   82   -0.40454
4   83   -0.40714
4   84   -0.407152
4   85   -0.409474
4   86   -0.408263
4   87   -0.412625
4   88   -0.412366
4   89   -0.41442
5   0   -0.410113
5   1   -0.414964
5   2   -0.414073
5   3   -0.411554
5   4   -0.416254
5   5   -0.407063
5   6   -0.413186
5   7   -0.407475
5   8   -0.404339
5   9   -0.397926
5   10   -0.399646
5   11   -0.386947
5   12   -0.38333
5   13   -0.379982
5   14   -0.373198
5   15   -0.36075
5   16   -0.357359
5   17   -0.338564
5   18   -0.327219
5   19   -0.313858
5   20   -0.291526
5   21   -0.259578
5   22   -0.238926
5   23   -0.212383
5   24   -0.180511
5   25   -0.15446
5   26   -0.112783
5   27   -0.0837447
5   28   -0.0528088
5   29   -0.0134426
5   30   0.0227064
5   31   0.056467
5   32   0.100165
5   33   0.130795
5   34   0.153059
5   35   0.166033
5   36   0.18885
5   37   0.190681
5   38   0.179814
5   39   0.190894
5   40   0.199406
5   41   0.200317
5   42   0.213834
5   43   0.208861
5   44   0.206195
5   45   0.20581
5   46   0.191618
5   47   0.196246
5   48   0.201659
5   49   0.186761
5   50   0.197718
5   51   0.184707
5   52   0.182153
5   53   0.184991
5   54   0.179945
5   55   0.151916
5   56   0.147894
5   57   0.116723
5   58   0.0955887
5   59   0.0705163
5   60   0.0208058
5   61   -0.00784277
5   62   -0.0477366
5   63   -0.0804443
5   64   -0.116389
5   65   -0.153345
5   66   -0.183373
5   67   -0.22264
5   68   -0.244856
5   69   -0.27147
5   70   -0.288037
5   71   -0.312563
5   72   -0.332051
5   73   -0.338396
5   74   -0.355126
5   75   -0.365326
5   76   -0.368763
5   77   -0.38451
5   78   -0.388485
5   79   -0.395311
5   80   -0.393697
5   81   -0.398581
5   82   -0.403814
5   83   -0.40438
5   84   -0.408767
5   85   -0.406251
5   86   -0.407871
5   87   -0.413201
5   88   -0.420346
5   89   -0.412296
6   0   -0.409226
6   1   -0.413026
6   2   -0.408917
6   3   -0.405849
6   4   -0.407909
6   5   -0.410283
6   6   -0.402785
6   7   -0.402799
6   8   -0.405273
6   9   -0.398066
6   10   -0.39749
6   11   -0.383985
6   12   -0.383987
6   13   -0.376627
6   14   -0.365439
6   15   -0.366036
6   16   -0.358343
6   17   -0.338963
6   18   -0.323196
6   19   -0.304167
6   20   -0.285825
6   21   -0.266915
6   22   -0.23003
6   23   -0.211279
6   24   -0.183101
6   25   -0.145751
6   26   -0.115563
6   27   -0.0836188
6   28   -0.0526265
6   29   -0.0104185
6   30   0.0257334
6   31   0.0714446
6   32   0.10671
6   33   0.130549
6   34   0.159613
6   35   0.173555
6   36   0.17348
6   37   0.191973
6   38   0.194784
6   39   0.205528
6   40   0.212964
6   41   0.223033
6   42   0.212397
6   43   0.204816
6   44   0.198682
6   45   0.196476
6   46   0.206131
6   47   0.209603
6   48   0.196554
6   49   0.201061
6   50   0.190395
6   51   0.194725
6   52   0.192508
6   53   0.176405
6   54   0.169286
6   55   0.165973
6   56   0.157031
6   57   0.121608
6   58   0.0994346
6   59   0.0714323
6   60   0.0332735
6   61   -0.00377106
6   62   -0.045113
6   63   -0.0803622
6   64   -0.109519
6   65   -0.154864
6   66   -0.183613
6   67   -0.217212
6   68   -0.238016
6   69   -0.262445
6   70   -0.289845
6   71   -0.304982
6   72   -0.319375
6   73   -0.337711
6   74   -0.351113
6   75   -0.365472
6   76   -0.37021
6   77   -0.37599
6   78   -0.390073
6   79   -0.389136
6   80   -0.396513
6   81   -0.39887
6   82   -0.402791
6   83   -0.404376
6   84   -0.409429
6   85   -0.409301
6   86   -0.409139
6   87   -0.407884
6   88   -0.411285
6   89   -0.411292
7   0   -0.411848
7   1   -0.407956
7   2   -0.406027
7   3   -0.406922
7   4   -0.405189
7   5   -0.405676
7   6   -0.405586
7   7   -0.399477
7   8   -0.400855
7   9   -0.39567
7   10   -0.394563
7   11   -0.384311
7   12   -0.385095
7   13   -0.375272
7   14   -0.365765
7   15   -0.353837
7   16   -0.344404
7   17   -0.32862
7   18   -0.320005
7   19   -0.304921
7   20   -0.277764
7   21   -0.258605
7   22   -0.226359
7   23   -0.205168
7   24   -0.185325
7   25   -0.136436
7   26   -0.109
7   27   -0.0708599
7   28   -0.0459055
7   29   -0.00359781
7   30   0.046852
7   31   0.096387
7   32   0.112071
7   33   0.140838
7   34   0.159652
7   35   0.179615
7   36   0.185288
7   37   0.197994
7   38   0.216205
7   39   0.196986
7   40   0.20201
7   41   0.211045
7   42   0.199195
7   43   0.214227
7   44   0.202208
7   45   0.202218
7   46   0.211899
7   47   0.20204
7   48   0.205247
7   49   0.200146
7   50   0.198111
7   51   0.194646
7   52   0.186753
7   53   0.179477
7   54   0.175613
7   55   0.15598
7   56   0.151829
7   57   0.140706
7   58   0.0991322
7   59   0.0657599
7   60   0.0429276
7   61   -0.00143566
7   62   -0.0397876
7   63   -0.0686067
7   64   -0.109481
7   65   -0.149099
7   66   -0.167448
7   67   -0.207206
7   68   -0.240581
7   69   -0.268767
7   70   -0.289167
7   71   -0.304508
7   72   -0.319024
7   73   -0.338176
7   74   -0.348649
7   75   -0.358153
7   76   -0.365442
7   77   -0.369553
7   78   -0.383586
7   79   -0.388505
7   80   -0.389236
7   81   -0.398198
7   82   -0.399453
7   83   -0.40493
7   84   -0.400156
7   85   -0.406984
7   86   -0.40697
7   87   -0.41042
7   88   -0.408079
7   89   -0.41182
8   0   -0.406021
8   1   -0.407073
8   2   -0.405695
8   3   -0.403813
8   4   -0.401311
8   5   -0.402303
8   6   -0.402755
8   7   -0.4002
8   8   -0.397092
8   9   -0.395838
8   10   -0.386517
8   11   -0.386632
8   12   -0.379358
8   13   -0.372038
8   14   -0.362008
8   15   -0.356427
8   16   -0.340037
8   17   -0.325722
8   18   -0.315522
8   19   -0.294733
8   20   -0.276226
8   21   -0.246212
8   22   -0.224833
8   23   -0.195105
8   24   -0.16919
8   25   -0.136204
8   26   -0.0983068
8   27   -0.0655355
8   28   -0.0262358
8   29   0.00496383
8   30   0.0462977
8   31   0.0877217
8   32   0.124768
8   33   0.156442
8   34   0.181742
8   35   0.179465
8   36   0.197288
8   37   0.197838
8   38   0.196388
8   39   0.205575
8   40   0.20433
8   41   0.21586
8   42   0.216555
8   43   0.223427
8   44   0.210928
8   45   0.210028
8   46   0.216068
8   47   0.220389
8   48   0.213037
8   49   0.202552
8   50   0.198391
8   51   0.201902
8   52   0.194442
8   53   0.193376
8   54   0.185412
8   55   0.161124
8   56   0.158787
8   57   0.142311
8   58   0.113701
8   59   0.0785207
8   60   0.0508166
8   61   0.0182881
8   62   -0.0297834
8   63   -0.0693176
8   64   -0.108428
8   65   -0.138778
8   66   -0.169311
8   67   -0.208061
8   68   -0.232371
8   69   -0.256403
8   70   -0.273046
8   71   -0.300701
8   72   -0.310756
8   73   -0.329129
8   74   -0.347697
8   75   -0.355122
8   76   -0.361965
8   77   -0.37213
8   78   -0.372394
8   79   -0.380979
8   80   -0.387351
8   81   -0.391298
8   82   -0.397667
8   83   -0.393926
8   84   -0.40116
8   85   -0.400709
8   86   -0.403583
8   87   -0.404449
8   88   -0.405083
8   89   -0.407104
9   0   -0.401822
9   1   -0.401691
9   2   -0.403405
9   3   -0.403678
9   4   -0.406302
9   5   -0.398842
9   6   -0.396008
9   7   -0.396966
9   8   -0.391721
9   9   -0.394298
9   10   -0.3814
9   11   -0.378881
9   12   -0.379031
9   13   -0.366865
9   14   -0.359271
9   15   -0.352493
9   16   -0.33894
9   17   -0.330045
9   18   -0.306344
9   19   -0.292163
9   20   -0.262752
9   21   -0.250504
9   22   -0.219689
9   23   -0.196518
9   24   -0.15227
9   25   -0.129536
9   26   -0.0885374
9   27   -0.0647128
9   28   -0.0134975
9   29   0.0137165
9   30   0.0624684
9   31   0.101847
9   32   0.125315
9   33   0.134908
9   34   0.161875
9   35   0.190955
9   36   0.197381
9   37   0.19943
9   38   0.214518
9   39   0.223424
9   40   0.205387
9   41   0.226299
9   42   0.214521
9   43   0.221041
9   44   0.206843
9   45   0.217563
9   46   0.222946
9   47   0.206446
9   48   0.219478
9   49   0.210515
9   50   0.203515
9   51   0.209193
9   52   0.200003
9   53   0.187647
9   54   0.190853
9   55   0.182308
9   56   0.166815
9   57   0.139414
9   58   0.119116
9   59   0.0866256
9   60   0.0515605
9   61   0.0180969
9   62   -0.0263872
9   63   -0.0757342
9   64   -0.0960155
9   65   -0.135918
9   66   -0.154615
9   67   -0.198469
9   68   -0.227487
9   69   -0.254527
9   70   -0.272517
9   71   -0.297042
9   72   -0.309942
9   73   -0.32722
9   74   -0.336062
9   75   -0.34657
9   76   -0.356087
9   77   -0.369772
9   78   -0.373113
9   79   -0.375429
9   80   -0.382569
9   81   -0.386992
9   82   -0.391025
9   83   -0.393336
9   84   -0.3963
9   85   -0.393803
9   86   -0.405427
9   87   -0.39887
9   88   -0.403968
9   89   -0.406044
10   0   -0.397163
10   1   -0.400034
10   2   -0.400203
10   3   -0.397609
10   4   -0.396307
10   5   -0.400323
10   6   -0.394324
10   7   -0.389512
10   8   -0.392105
10   9   -0.383118
10   10   -0.38343
10   11   -0.378052
10   12   -0.375291
10   13   -0.362857
10   14   -0.352324
10   15   -0.349159
10   16   -0.330414
10   17   -0.317113
10   18   -0.303172
10   19   -0.290056
10   20   -0.267319
10   21   -0.240513
10   22   -0.206461
10   23   -0.18169
10   24   -0.157727
10   25   -0.118638
10   26   -0.0800204
10   27   -0.0517993
10   28   -0.00444337
10   29   0.028684
10   30   0.0672197
10   31   0.0917373
10   32   0.135552
10   33   0.161494
10   34   0.17784
10   35   0.18759
10   36   0.211034
10   37   0.222991
10   38   0.21869
10   39   0.223642
10   40   0.217643
10   41   0.236075
10   42   0.22249
10   43   0.235838
10   44   0.220679
10   45   0.219399
10   46   0.210704
10   47   0.217886
10   48   0.218893
10   49   0.219363
10   50   0.211364
10   51   0.209886
10   52   0.203421
10   53   0.191319
10   54   0.189588
10   55   0.190022
10   56   0.167123
10   57   0.155504
10   58   0.120955
10   59   0.100244
10   60   0.0623054
10   61   0.0193825
10   62   -0.00509311
10   63   -0.0484749
10   64   -0.090751
10   65   -0.126463
10   66   -0.151928
10   67   -0.190342
10   68   -0.216965
10   69   -0.250041
10   70   -0.260503
10   71   -0.288028
10   72   -0.312914
10   73   -0.3227
10   74   -0.332827
10   75   -0.343607
10   76   -0.349058
10   77   -0.362327
10   78   -0.367328
10   79   -0.374639
10   80   -0.380952
10   81   -0.383751
10   82   -0.38617
10   83   -0.392967
10   84   -0.396275
10   85   -0.39278
10   86   -0.395344
10   87   -0.397348
10   88   -0.399808
10   89   -0.39931
11   0   -0.397073
11   1   -0.396242
11   2   -0.393806
11   3   -0.394323
11   4   -0.39681
11   5   -0.39132
11   6   -0.390008
11   7   -0.387817
11   8   -0.388308
11   9   -0.378399
11   10   -0.374466
11   11   -0.372302
11   12   -0.364368
11   13   -0.356831
11   14   -0.351374
11   15   -0.345307
11   16   -0.330893
11   17   -0.318377
11   18   -0.298226
11   19   -0.275662
11   20   -0.26237
11   21   -0.238762
11   22   -0.204987
11   23   -0.170485
11   24   -0.150317
11   25   -0.111143
11   26   -0.0768899
11   27   -0.0454776
11   28   0.0085904
11   29   0.026795
11   30   0.0763578
11   31   0.113177
11   32   0.149068
11   33   0.168207
11   34   0.186795
11   35   0.186471
11   36   0.211809
11   37   0.218976
11   38   0.225156
11   39   0.2306
11   40   0.231543
11   41   0.240396
11   42   0.231476
11   43   0.22865
11   44   0.224867
11   45   0.231352
11   46   0.222388
11   47   0.219041
11   48   0.228925
11   49   0.221635
11   50   0.217114
11   51   0.224401
11   52   0.198767
11   53   0.198793
11   54   0.201676
11   55   0.198867
11   56   0.188423
11   57   0.153882
11   58   0.14595
11   59   0.103167
11   60   0.0842714
11   61   0.0237371
11   62   -0.0117111
11   63   -0.0387817
11   64   -0.0757784
11   65   -0.11346
11   66   -0.152837
11   67   -0.185061
11   68   -0.21233
11   69   -0.232614
11   70   -0.259065
11   71   -0.282666
11   72   -0.300534
11   73   -0.31336
11   74   -0.330301
11   75   -0.341213
11   76   -0.349678
11   77   -0.358905
11   78   -0.362686
11   79   -0.369636
11   80   -0.379161
11   81   -0.379849
11   82   -0.38521
11   83   -0.387655
