0 0 //
-0.450059 0.0228642 -0.448673 0.0288191 -0.454864 0.0225592 -0.451214 0.0266616 -0.449528 0.0298807 -0.451451 0.0254939 

-1 0 //
-0.457728 0.019564 -0.459754 0.0174634 -0.460464 0.0206996 -0.454427 0.019929 -0.456076 0.0203942 -0.457937 0.0196466 

-1 -1 //
-0.470119 0.0147923 -0.472964 0.0148374 -0.466432 0.0192515 -0.470241 0.0162735 -0.467257 0.0171204 -0.472547 0.0152453 

0 -1 //
-0.458941 0.0189015 -0.460789 0.0192977 -0.458845 0.0196069 -0.456605 0.0241133 -0.460446 0.0195165 -0.458825 0.0193688 

1 0 -1 0 //0 2 
-0.450027 0.0208551 -0.449536 0.0220032 -0.445183 0.0211494 -0.449913 0.0206093 -0.451145 0.022244 -0.445831 0.0258707 

1 0 -1 0 //1 2 
-0.441681 0.0219709 -0.442129 0.0242063 -0.439127 0.0232646 -0.43854 0.0253118 -0.443317 0.0231024 -0.439625 0.0227537 

1 0 -1 0 //2 2 
-0.435476 0.0282675 -0.4372 0.0239017 -0.434821 0.0264182 -0.434835 0.0241235 -0.435122 0.0256123 -0.434557 0.025569 

1 0 -1 0 //2 1 
-0.444379 0.0225867 -0.443287 0.0207664 -0.446154 0.0218076 -0.443605 0.0233358 -0.440019 0.0253786 -0.447518 0.0191575 

1 0 -1 0 //2 0 
