-3.73923
-2.98531
-3.06048
-3.69624
-3.23189
-3.42162
-2.51834
-3.53822
-2.39065
-3.57172
-3.69055
-3.75366
-3.1016
-3.86956
-2.43012
-3.96686
-2.68009
-3.72717
-3.54349
-3.37459
-3.83976
-3.64185
-3.67027
-3.14469
-3.69626
-4.07425
-3.55952
-3.96256
-2.72204
-3.92356
-2.92023
-3.43629
-3.95345
-3.2211
-4.12551
-3.44722
-4.05652
-3.6038
-3.44695
-3.55146
-4.14554
-3.93335
-3.71046
-2.745
-4.037
-3.57862
-3.80147
-3.7816
-3.96884
-2.71003
-3.86396
-3.5814
-2.22856
-3.5259
-2.34273
-4.00987
-3.62372
-3.40517
-3.43944
-3.66562
-3.83874
-4.1026
-3.72891
-4.26542
-3.18309
-4.05101
-3.68034
-3.64125
-3.77585
-2.87402
-3.74863
-2.66746
-3.54733
-3.90324
-3.96677
-3.56495
-3.82773
-3.85903
-4.03663
-3.68806
-3.54387
-3.93822
-3.3259
-3.5994
-2.85876
-3.82769
-3.50938
-3.85874
-2.6152
-3.33971
-2.63495
-3.72748
-3.49442
-3.58592
-3.84614
-3.93469
-3.10751
-2.89136
-3.74724
-3.36496
-3.19031
-3.87187
-4.1108
-3.40041
-3.5075
-3.58266
-3.91038
-3.37047
-4.21989
-3.81748
-2.81995
-3.6635
-3.34844
-3.51259
-3.31932
-3.78538
-3.29506
-3.15223
-4.09127
-3.65944
-4.0293
-3.76155
-3.97583
-3.60176
-3.99151
-4.03263
-3.54057
-3.68849
-3.46996
-2.69639
-3.73479
-3.94936
-3.30252
-3.70708
-3.41087
-3.77202
-3.76565
-3.80387
-3.83648
-3.91063
-4.05639
-3.97306
-3.73699
-3.50932
-3.91527
-3.97104
-3.26747
-3.95029
-3.5271
-3.91742
-3.129
-4.18584
-4.01304
-3.93538
-3.59819
-3.70132
-3.80871
-2.96331
-3.23417
-3.80817
-2.59438
-3.77019
-3.71765
-3.91379
-2.09261
-3.4674
-3.18678
-3.45062
-3.72912
-3.95203
-3.95015
-3.58716
-3.61456
-3.67992
-3.69633
-2.764
-4.06556
-3.30912
-3.69842
-2.88548
-3.71677
-2.65142
-3.82565
-4.03533
-3.58434
-3.32502
-4.01823
-3.65791
-3.95735
-3.84113
-3.75693
-3.5501
-3.81047
-3.71995
-3.57498
-3.60226
-3.86434
-3.63974
-3.81592
-3.71881
-3.77658
-2.57637
-3.51855
-3.04537
-3.62472
-3.75946
-3.6413
-4.04364
-4.03589
-4.0322
-3.79439
-2.80935
-3.80205
-3.27186
-2.93573
-3.70218
-4.15161
-3.54982
-1.94087
-3.90154
-2.6369
-3.75464
-2.7027
-3.49624
-3.72998
-3.64727
-4.11626
-3.99356
-3.07614
-3.7044
-3.45568
-3.56927
-4.18124
-3.87788
-3.28382
-3.8439
-3.59169
-3.94577
-3.80496
-3.4412
-3.21837
-3.22101
-3.91191
-3.89101
-3.37062
-2.35866
-3.634
-3.90241
-3.17277
-3.41537
-3.5921
-3.83886
-3.1822
-4.20457
-3.8928
-3.602
-3.45207
-4.10174
-3.60666
-3.10058
-3.46793
-4.13486
-3.94845
-2.47682
-3.50878
-3.62007
-3.36241
-2.37047
-3.40085
-4.07266
-3.4923
-3.47138
-3.15429
-3.18653
-3.66236
-4.04718
-4.17105
-3.53657
-3.96508
-3.66371
-3.79235
-3.63421
-4.09773
-3.65406
-3.68833
-3.33132
-3.92317
-3.92637
-3.29865
-3.89708
-3.31526
-2.13032
-3.91391
-4.0899
-2.56717
-3.37104
-3.80826
-3.75645
-3.04743
-3.64104
-3.60551
-2.9026
-3.85672
-3.74069
-2.64625
-2.9096
-4.03575
-4.09811
-2.94953
-3.60079
-3.68963
-3.73473
-3.87525
-4.11822
-3.77006
-3.70769
-3.35669
-3.42801
-3.93971
-4.26058
-3.08489
-3.48449
-3.83312
-3.66784
-3.58993
-4.08718
-3.52949
-2.20997
-3.66502
-3.72588
-3.43226
-3.63649
-3.92522
-3.72381
-3.7527
-3.33777
-3.98973
-3.97527
-3.37105
-4.13323
-3.21783
-3.02102
-3.80406
-3.73232
-3.84061
-3.45281
-2.84324
-3.77838
-3.47445
-3.0766
-4.02775
-4.18039
-3.66518
-4.02042
-3.81547
-4.01746
-3.43351
-4.02442
-3.46205
-3.65827
-3.67629
-3.46138
-3.92076
-3.31502
-2.38929
-3.48373
-3.32925
-4.07286
-3.7599
-3.74971
-3.83816
-3.85368
-3.74069
-3.99442
-3.07619
-3.65956
-3.55191
-4.0588
-3.63016
-3.92444
-3.83481
-2.92965
-3.52256
-3.08477
-3.97547
-3.81697
-3.4314
-3.18028
-3.46254
-2.62357
-3.71268
-2.94746
-3.91334
-4.18015
-3.72355
-3.35663
-2.47931
-2.97595
-3.65018
-3.3598
-3.4485
-3.25755
-4.14648
-3.26486
-2.87495
-3.71793
-3.71338
-4.10286
-3.83362
-3.60184
-3.90243
-3.12626
-3.69994
-3.06399
-3.74669
-3.88199
-3.95394
-3.59142
-3.49026
-3.97266
-4.16418
-3.32046
-4.15069
-3.03596
-4.15282
-3.81089
-3.41097
-4.16287
-3.80422
-3.05557
-3.959
-3.62334
-3.59943
-4.03289
-3.90288
-3.62542
-2.88351
-3.61916
-3.93802
-3.83068
-3.59267
-3.81856
-3.49005
-3.68772
-4.05612
-2.82289
-3.15876
-3.05258
-3.96184
-3.89745
-3.53147
-3.82234
-3.95502
-3.98002
-3.45063
-2.48569
-3.76752
-3.83274
-3.39772
-3.96088
-3.94891
-3.39869
-3.95035
-3.18003
-3.95032
-3.94715
-4.09493
-3.55913
-3.89866
-2.81874
-3.39736
-3.95401
-3.92073
-3.85756
-3.52626
-3.41801
-3.63022
-3.59579
-3.05733
-3.67974
-3.77024
-3.79128
-4.17364
-3.89103
-3.79983
-3.78198
-3.65237
-2.98941
-3.42862
-3.71255
-3.46806
-3.41441
-3.72011
-3.92231
-3.56709
-3.25314
-3.79515
-3.87976
-3.64831
-3.29107
-3.01896
-3.62837
-3.82957
-2.60377
-3.71166
-3.54414
-3.52422
-3.62825
-3.08172
-3.86542
-3.3551
-3.78483
-3.10447
-2.84173
-3.50918
-3.90188
-3.79339
-3.6244
-3.81794
-3.53187
-3.64859
-3.92832
-3.92933
-3.30236
-4.0772
-4.02115
-2.60087
-3.75982
-3.82577
-3.67076
-2.93925
-3.3746
-3.40955
-3.27449
-3.86604
-3.26014
-3.35601
-1.87659
-3.80687
-3.89061
-3.51522
-3.35759
-4.0369
-3.83323
-3.67971
-3.93344
-3.85153
-3.90356
-2.65646
-3.24848
-3.48008
-3.52661
-3.83732
-3.51296
-3.79177
-3.52003
-3.3987
-2.12
-3.29022
-3.50724
-3.85538
-1.86077
-4.13494
-4.06963
-3.5381
-3.60909
-3.28663
-3.7991
-3.69369
-3.98178
-3.40688
-2.66493
-3.63495
-2.46226
-4.0496
-3.62014
-4.15326
-3.70665
-3.22544
-3.66833
-3.17976
-3.80369
-3.90356
-2.87264
-4.15658
-4.09115
-3.92738
-2.31098
-3.96718
-3.33192
-4.07584
-3.34833
-3.84742
-3.97873
-3.85858
-3.52284
-3.73759
-4.18129
-3.81927
-3.9083
-3.77017
-3.69951
-3.59794
-3.79388
-4.01502
-2.58855
-3.77805
-3.67909
-4.22552
-3.91771
-4.09045
-3.50221
-2.53455
-3.41884
-3.71176
-3.44174
-3.77401
-2.34678
-3.50248
-3.90075
-3.8512
-3.67886
-3.34563
-3.94593
-3.19994
-3.73586
-3.2353
-3.99425
-3.83176
-3.50136
-3.27207
-3.42254
-3.92211
-3.86213
-4.12814
-3.94851
-2.78568
-3.91275
-3.88712
-3.18741
-4.08659
-3.75767
-3.51992
-3.6422
-3.85375
-3.6595
-3.97748
-3.46304
-3.79674
-3.52015
-4.00767
-3.20415
-4.1446
-3.56352
-3.59011
-4.03172
-4.01462
-3.76815
-3.85119
-3.13875
-3.74939
-3.39721
-3.49034
-3.68746
-3.77664
-3.77518
-3.68756
-3.75883
-3.25494
-3.41477
-3.18897
-3.95523
-3.18008
-3.57649
-3.32933
-3.92873
-3.56023
-4.2171
-3.68791
-3.50819
-3.95566
-3.84858
-3.63069
-3.68703
-3.91374
-3.28823
-4.16344
-3.29309
-3.90224
-2.93257
-3.7554
-4.02497
-3.49758
-3.60214
-3.65513
-3.71194
-3.88234
-3.91552
-3.73372
-3.90564
-3.42516
-3.40428
-2.82047
-2.79837
-3.47932
-3.15679
-3.63951
-3.2993
-4.06932
-4.0365
-4.06188
-3.37684
-3.20302
-4.05777
-3.51514
-3.69842
-4.01093
-3.24956
-3.89531
-2.63236
-3.91611
-3.75513
-3.57652
-4.09443
-3.86699
-3.38036
-3.93446
-3.35795
-3.7842
-3.18809
-3.62149
-3.84529
-3.57594
-3.70506
-3.99019
-3.73218
-3.8399
-4.20427
-3.52858
-3.71897
-2.19097
-3.88829
-3.91721
-3.95551
-3.30368
-2.75519
-4.01325
-3.67142
-3.53189
-3.11289
-3.53578
-3.42255
-3.8196
-4.0946
-4.10978
-3.42656
-3.32329
-3.79749
-3.76315
-3.80568
-4.14783
-3.71208
-3.65937
-4.11262
-3.77528
-3.62827
-3.86315
-3.83917
-3.72194
-3.90039
-2.88435
-2.39854
-2.01197
-3.79972
-3.69056
-3.42393
-3.55892
-4.13314
-3.61797
-3.0532
-4.04338
-3.6562
-2.48536
-3.91345
-3.70945
-3.92244
-4.18447
-3.86834
-4.06294
-3.40579
-3.62001
-2.81583
-4.09335
-3.90694
-3.71729
-4.00245
-3.45084
-3.2122
-4.0243
-3.61304
-4.01537
-4.17689
-3.75875
-3.54925
-3.72869
-3.59617
-3.60005
-2.02945
-3.6993
-4.04655
-3.81317
-3.45746
-3.52991
-2.89107
-4.14849
-3.92142
-2.46291
-3.47971
-3.7296
-3.9969
-3.27355
-3.85965
-3.70297
-3.7875
-3.9678
-3.56349
-4.00918
-3.47404
-3.85855
-3.45474
-3.62191
-3.68365
-3.98792
-3.99054
-3.88696
-3.97124
-2.79054
-3.82859
-3.7826
-3.41094
-2.6228
-3.89313
-3.63134
-3.53097
-3.8401
-3.80631
-3.21098
-4.08577
-3.76627
-2.64701
-3.66507
-4.05347
-3.93933
-3.74344
-3.64543
-3.49476
-3.35131
-3.3935
-3.62355
-3.92483
-3.43296
-3.94316
-3.85037
-3.78527
-4.00529
-3.57486
-3.83635
-3.71136
-3.56939
-3.41062
-4.05832
-3.50688
-4.15177
-3.78553
-3.02796
-3.59107
-3.42085
-3.03161
-3.65836
-4.03112
-3.8887
-3.44505
-3.77549
-3.61585
-3.29797
-2.32781
-3.18823
-3.99741
-3.63637
-2.91168
-3.6686
-3.49367
-3.75211
-3.84013
-3.94407
-3.40235
-3.65254
-3.96985
-3.63946
-3.99279
-3.48688
-3.09755
-3.94546
-3.97888
-3.81725
-3.78061
-3.99094
-3.93343
-3.85863
-3.67023
-2.87969
-3.65099
-2.8513
-4.02214
-3.23425
-3.16126
-3.70034
-3.38548
-3.08899
-3.65063
-2.82975
-2.80306
-2.39341
-3.73772
-3.67627
-4.11076
-2.43534
-3.64431
-3.65158
-3.35767
-1.51811
-3.85282
-3.67078
-3.8186
-3.87297
-3.5755
-3.80112
-3.85959
-3.88695
-3.95661
-4.14616
-3.7122
-3.69186
-3.5639
-3.89913
-3.64814
-3.13185
-3.41523
-3.44896
-3.90189
-3.29432
-2.88803
-3.52931
-3.13578
-3.92883
-3.49385
-3.90641
-3.04305
-3.98245
-3.52484
-3.8772
-3.91146
-3.49764
-4.03495
-3.33395
-0.530575
-3.83282
-3.93177
-3.59452
-3.52751
-3.46033
-3.79636
-4.21182
-2.9868
-3.96316
-3.75364
-3.68679
-3.73247
-3.72622
-3.53375
-2.80055
-4.22139
-3.53058
-3.23689
-3.84134
-2.99891
-3.03787
-3.87936
-2.69616
-3.70014
-2.64805
-3.67469
-3.95612
-3.91093
-3.03501
-3.66656
-4.12241
-3.35277
-3.60689
-3.82141
-3.64031
-3.30048
-3.88993
-3.74772
-2.548
-3.08137
-3.99958
-3.14382
-3.91946
-4.07681
-3.92001
-3.35812
-3.50123
-3.99569
-3.30972
-3.8128
-3.68002
-2.84342
-3.42396
-3.77114
-3.90539
-3.73391
-3.4027
-3.77436
-2.64586
-2.77018
-3.26489
-2.43888
-3.65943
-4.0005
-3.94513
-3.3585
-3.01993
-3.19071
-3.66277
-3.84623
-3.86216
-3.42002
-3.53792
-4.21792
-2.9993
-4.11384
-3.7435
-3.61289
-3.87035
-4.01013
-4.08125
-3.93271
-2.40168
-2.38578
-3.08474
-3.92658
-3.49632
-3.93582
-3.9515
-2.44206
-3.52131
-2.82435
-3.66625
-3.84194
-3.93888
-3.69974
-3.88703
-2.98489
-3.81294
-4.1233
-3.88371
-3.94428
-3.75598
-3.32014
-3.62181
-3.08489
-3.86878
-3.68906
-3.47047
-3.81239
-3.08261
-3.61154
-3.91824
-3.59362
-3.7301
-3.72881
-3.40985
-3.9525
-4.05863
-3.39065
-3.42198
-3.86931
-2.63057
-3.55431
-3.81338
-3.95766
-3.84517
-4.01285
-3.791
-3.02072
-3.35211
-4.00232
-2.74924
-3.86983
-4.06073
-3.74251
-3.33076
-3.79555
-3.94559
-3.86954
-3.5806
-3.54217
-3.66615
-3.62556
-3.63933
-3.66205
-2.88336
-3.974
-2.89904
-3.91637
-2.49922
-3.66441
-3.92866
-3.60902
-1.94929
-3.64066
-3.20137
-3.61473
-2.40605
-3.99127
-3.94299
-3.80383
-3.27487
-3.85464
-2.44587
-3.72857
-3.90789
-3.69214
-2.88105
-3.9658
-3.09959
-3.09212
-2.74909
-3.47572
-3.62182
-4.17624
-3.33238
-3.6989
-3.74816
-3.64427
-2.65802
-3.43757
-3.6576
-3.93966
-3.30073
-3.99822
-3.80021
-2.29646
-3.22545
-4.17356
-3.17162
-4.04162
-3.21913
-3.787
-3.21213
-3.44108
-3.2381
-3.55848
-3.37176
-3.55774
-3.7994
-4.06361
-3.74778
-3.58127
-4.30362
-3.1159
-3.49855
-3.62586
-4.1937
-3.32806
-3.63858
-2.64894
-3.31336
-2.96991
-3.69747
-3.62948
-3.1082
-4.00799
-3.55433
-3.5752
-3.7813
-3.87431
-3.74165
-3.56481
-4.0448
-3.71823
-3.10723
-4.17431
-3.55231
-3.61308
-3.44975
-3.17764
-3.85671
-3.05364
-3.44767
-4.11855
-3.17192
-2.88663
-3.31419
-3.38731
-2.3095
-2.5434
-3.59807
-3.60563
-3.79112
-2.90548
-3.36332
-3.28604
-3.70198
-3.21726
-3.78869
-3.14908
-4.09139
-4.08286
-4.21523
-3.88864
-3.62914
-3.71017
-3.71513
-2.80014
-3.48622
-3.49948
-2.6688
-4.06131
-3.64536
-3.4598
-2.92568
-3.95296
-4.00647
-3.83401
-2.86025
-3.52429
-3.71571
-3.84012
-4.08434
-3.68168
-1.99328
-3.65527
-3.46529
-3.54017
-4.1694
-3.99436
-3.67784
-3.55502
-3.53438
-3.62634
-3.73522
-3.05691
-4.05012
-3.83529
-3.56558
-3.88025
-3.93561
-3.6746
-3.62244
-3.90061
-2.88442
-2.61752
-3.96594
-3.60968
-3.25546
-3.91353
-3.71516
-4.30335
-4.01829
-3.67032
-3.82522
-3.78395
-3.86575
-3.75365
-3.39321
-3.32789
-3.62862
-3.44797
-3.25196
-3.77894
-3.84694
-3.69575
-3.89914
-3.20574
-3.19873
-3.57942
-4.00845
-3.42123
-4.02417
-3.96023
-3.91097
-3.78068
-2.89101
-4.13284
-3.84167
-3.643
-3.35457
-3.41854
-3.77866
-3.91003
-3.70988
-3.8499
-3.90672
-3.95641
-3.61725
-3.9013
-3.56455
-3.62761
-3.66955
-3.49039
-3.51202
-3.1097
-3.76335
-3.90694
-3.65579
-3.48387
-3.6763
-3.7146
-3.62312
-2.1627
-3.46545
-4.04336
-3.38895
-4.13403
-3.76977
-3.84234
-3.58443
-3.39343
-3.6109
-3.95027
-3.83592
-3.29986
-3.58302
-3.77153
-4.08914
-4.05536
-3.27111
-3.88939
-3.86251
-3.0259
-3.94329
-3.27392
-3.5123
-3.68109
-3.00782
-4.0414
-2.99742
-3.47575
-3.7132
-3.99355
-4.00486
-3.75374
-3.6233
-3.52875
-3.51838
-3.53033
-3.96134
-3.58335
-3.96772
-3.41084
-3.55152
-3.30839
-3.25523
-3.53512
-3.55069
-3.71275
-3.48305
-2.92124
-2.20378
-3.74179
-3.54801
-3.51333
-3.78708
-3.59167
-3.52982
-3.70049
-3.86454
-3.37386
-3.97794
-3.74474
-3.82336
-3.79625
-3.67481
-3.97924
-3.50297
-3.67056
-3.3711
-3.52212
-3.49067
-3.52384
-3.42641
-3.45725
-3.8822
-3.38492
-3.37378
-3.89145
-4.02289
-3.645
-3.76495
-3.53075
-2.9033
-3.53066
-3.00904
-3.16604
-3.86224
-3.99295
-3.60382
-4.07774
-3.68235
-3.67159
-4.12434
-3.50649
-3.76341
-3.86983
-3.79022
-3.62888
-3.71122
-3.80996
-3.65742
-3.83885
-3.44276
-3.66999
-3.46669
-3.62462
-3.97421
-3.53098
-3.75194
-3.44603
-2.59543
-3.83304
-3.88455
-3.46943
-4.17845
-2.57001
-3.93397
-4.28975
-3.69481
-3.4517
-3.86791
-4.10057
-3.00904
-3.91921
-3.96614
-4.02299
-3.79655
-3.99424
-3.62533
-4.07387
-3.41588
-3.51185
-4.07637
-3.68765
-3.40185
-3.93789
-3.57914
-2.71747
-3.68419
-4.07489
-3.41829
-3.45626
-3.85041
-3.43983
-3.66105
-3.77471
-3.36316
-3.27039
-3.36877
-4.0568
-2.95157
-3.57715
-3.77485
-4.1679
-3.72771
-3.27807
-4.06869
-3.88143
-3.28892
-3.9452
-4.03439
-3.70705
-3.22392
-3.98222
-3.57527
-4.22068
-3.5783
-2.36232
-3.80346
-3.78219
-3.92215
-3.87741
-3.32856
-2.82184
-2.95036
-3.56993
-3.34359
-3.6219
-3.74648
-3.59807
-3.69482
-3.91051
-3.72968
-4.05085
-3.44112
-3.6968
-3.35943
-3.57082
-3.75585
-3.71591
-2.58964
-3.58333
-2.44453
-3.72131
-3.6126
-4.01279
-3.03243
-3.56277
-3.73281
-3.27975
-3.48113
-3.52456
-3.94034
-4.109
-3.67344
-4.0393
-4.0024
-3.91754
-4.01523
-3.241
-3.40508
-4.07656
-3.90809
-3.69398
-3.0686
-3.7996
-3.50425
-3.26861
-3.6936
-4.05154
-3.95602
-3.24898
-3.3588
-4.01997
-3.28187
-2.96901
-3.85905
-3.68808
-3.83609
-3.90467
-4.04367
-3.73518
-3.29406
-3.80062
-3.81997
-2.66419
-3.97648
-3.93732
-3.97627
-3.95341
-4.15759
-2.83282
-3.90246
-4.02129
-3.38844
-4.222
-3.83226
-3.91741
-3.58511
-3.74872
-3.83321
-3.86297
-4.06002
-3.98985
-3.8334
-3.37656
-3.7323
-2.73168
-3.92997
-3.4904
-2.85691
-4.20274
-3.48869
-3.25856
-3.68778
-3.81893
-3.35683
-3.73297
-3.66181
-3.46608
-3.05443
-3.94804
-2.30847
-2.30281
-3.99449
-3.27226
-2.87626
-3.32425
-3.69999
-3.64021
-3.237
-3.9836
-3.31963
-2.64041
-3.87723
-3.92505
-3.80688
-3.83851
-3.61703
-3.96944
-3.59568
-3.07213
-3.67041
-2.13743
-2.66025
-3.48136
-3.66784
-3.95526
-3.48193
-3.8311
-3.47706
-4.17686
-3.91575
-3.11798
-3.96072
-4.03265
-4.08884
-3.96047
-3.86639
-3.58359
-3.96186
-4.02561
-3.94785
-2.87148
-3.02218
-2.63005
-3.61009
-3.65842
-3.88932
-3.82858
-2.734
-4.07397
-3.70936
-3.56131
-3.56589
-3.51208
-3.77204
-3.48474
-3.84252
-4.06848
-1.91477
-3.74643
-2.61135
-3.60954
-3.70998
-3.88156
-3.49662
-3.93158
-4.18836
-3.81515
-3.64383
-3.27227
-3.49781
-3.58083
-3.68685
-3.51167
-2.53078
-3.47287
-3.0207
-3.68281
-2.45958
-3.07357
-3.57584
-2.62627
-3.58541
-4.00999
-3.33643
-3.85147
-3.56257
-3.61461
-3.50399
-3.42629
-3.94575
-3.68705
-3.68629
-3.82856
-3.14883
-3.37191
-3.69158
-2.54965
-4.02412
-3.67056
-3.72795
-3.87674
-3.80725
-4.16527
-3.52047
-3.3204
-4.10329
-3.8738
-3.57965
-3.43295
-4.19878
-3.87343
-3.96712
-3.87405
-3.20478
-3.43247
-3.42234
-3.43858
-2.82753
-3.12952
-3.69541
-3.97811
-3.6383
-4.22464
-4.19388
-3.0326
-3.87381
-2.6375
-3.91304
-4.11083
-3.5349
-3.92759
-2.67724
-3.95147
-3.58623
-2.7916
-3.22502
-3.92939
-3.4764
-3.53608
-3.42427
-3.83779
-2.59044
-3.02201
-4.06199
-3.94468
-3.16057
-3.75865
-3.86484
-3.97768
-3.8108
-3.89906
-3.88066
-3.77381
-3.88211
-3.80329
-3.78167
-3.81652
-3.46133
-4.04222
-4.11756
-4.03088
-3.71147
-3.52498
-2.84745
-3.56691
-3.53411
-3.47634
-3.59207
-4.04607
-3.87532
-3.53901
-3.7328
-3.40981
-3.33211
-3.5635
-3.52973
-3.5964
-3.92999
-3.79968
-3.34046
-3.66946
-3.94187
-3.67783
-3.56937
-3.15389
-3.67583
-3.8155
-3.4421
-2.89624
-3.99625
-2.52521
-3.41124
-3.41463
-4.01945
-3.52291
-3.63275
-3.85219
-3.64385
-3.75032
-3.58489
-3.80628
-2.79135
-3.81384
-2.94656
-3.38214
-3.71766
-4.04822
-2.66009
-3.55275
-3.34641
-4.11555
-2.77696
-4.17736
-3.94968
-4.23312
-3.6252
-3.85103
-4.11153
-3.60047
-3.54616
-3.60319
-3.78859
-3.57722
-3.75833
-3.81326
-3.66811
-3.96335
-3.85196
-3.55651
-2.91032
-3.83232
-3.719
-3.3442
-4.06378
-3.90178
-3.59694
-3.72199
-4.03171
-3.89679
-3.51991
-3.29663
-3.85776
-3.74911
-3.08756
-3.58767
-3.72669
-3.9363
-2.42472
-3.26713
-2.88231
-3.94921
-3.10836
-3.06425
-3.08315
-2.56092
-3.93599
-3.68707
-3.92775
-3.35085
-3.61968
-3.7228
-3.42302
-3.89313
-3.84819
-2.46988
-3.87159
-3.86726
-3.96547
-3.73442
-3.84322
-2.92851
-3.51095
-2.6103
-3.65791
-3.99844
-4.00701
-3.59218
-3.94327
-3.79599
-3.9487
-3.59311
-2.68754
-3.95253
-4.03077
-2.93593
-3.98836
-3.59103
-3.92128
-3.7321
-3.78375
-3.01809
-3.56734
-3.43445
-2.91641
-3.62935
-3.3506
-3.62085
-3.58488
-3.8604
-3.06537
-2.85425
-3.99261
-3.91917
-3.49491
-3.76976
-4.16303
-3.63476
-3.42322
-3.88447
-3.80262
-3.45165
-3.61349
-3.78752
-3.60089
-3.50197
-3.29959
-2.88076
-3.78132
-3.80261
-3.78927
-3.89003
-3.82165
-3.00315
-3.93455
-3.45978
-3.85564
-3.62072
-3.6222
-3.60045
-4.05877
-3.74429
-3.77745
-4.01367
-3.71808
-3.80918
-3.47001
-3.9243
-3.61411
-3.54088
-3.65904
-3.32254
-3.86522
-2.94971
-3.25781
-3.91122
-3.80933
-4.0524
-2.80527
-3.73376
-2.70631
-2.78169
-2.28474
-4.13602
-3.69243
-3.70214
-3.75478
-3.95688
-3.81241
-3.82115
-3.46259
-3.22925
-3.4662
-3.29729
-3.07223
-3.62996
-3.47937
-3.34715
-3.86238
-3.74488
-3.94209
-4.1165
-3.67341
-4.02307
-2.79328
-3.28496
-3.38018
-3.16101
-3.28304
-3.86273
-3.92913
-3.79667
-4.16514
-4.06866
-3.48503
-3.79359
-3.57025
-2.55884
-3.90971
-3.42041
-3.77736
-3.36015
-3.8281
-3.50191
-3.53847
-4.01712
-3.28658
-3.72211
-3.63071
-3.30692
-3.75253
-3.89333
-3.88412
-3.94436
-3.68811
-3.56773
-3.82939
-3.26258
-4.04212
-3.17464
-3.12811
-3.79883
-3.93732
-3.5297
-3.92087
-2.13718
-3.5931
-3.92358
-3.60376
-3.34551
-3.35865
-4.02615
-4.04316
-3.6084
-3.84203
-3.70891
-3.38194
-2.40189
-2.92779
-3.40104
-3.15158
-2.58528
-2.9097
-3.70814
-4.08548
-3.98644
-4.038
-3.52442
-4.19022
-3.64841
-3.81678
-3.3246
-3.47293
-3.91666
-3.02653
-3.2852
-3.8072
-3.64162
-4.12699
-3.71106
-3.31446
-3.29593
-3.9745
-3.7732
-2.89718
-3.83025
-3.64899
-3.04166
-3.92688
-3.90452
-3.02091
-3.93223
-2.93508
-3.75929
-3.66615
-3.97266
-3.73471
-0.954061
-3.45247
-2.10699
-3.4156
-3.70823
-3.59294
-3.52657
-4.04818
-4.05551
-3.88332
-3.99418
-3.81206
-2.65453
-3.38472
-3.33457
-3.56873
-3.69795
-3.28861
-3.71779
-2.56842
-3.96809
-3.60053
-3.9609
-3.56158
-2.73008
-3.61788
-3.82503
-3.8163
-3.74585
-3.44962
-3.44208
-3.87403
-3.95413
-3.41607
-3.97526
-4.04895
-3.66803
-3.42709
-3.68923
-3.82409
-3.54896
-3.52409
-3.71705
-3.97954
-4.07635
-3.82024
-4.07406
-3.4378
-3.69111
-4.09007
-3.54266
-4.01407
-3.62615
-3.61708
-4.03216
-3.76339
-3.40416
-3.8402
-3.66747
-3.60943
-3.33483
-2.99093
-3.80767
-3.84804
-3.53702
-3.81438
-4.13831
-3.65533
-4.02375
-3.74122
-3.6636
-3.44216
-3.70919
-3.75695
-4.12391
-2.78054
-2.03784
-3.32966
-3.7766
-2.31186
-3.62526
-3.55092
-3.50561
-3.97919
-4.25226
-3.65441
-4.03744
-4.09298
-4.14726
-3.64611
-3.3596
-2.85596
-3.806
-3.9606
-3.72788
-3.76474
-3.18784
-3.81193
-3.76161
-3.34136
-3.90558
-3.21333
-3.49106
-3.96438
-3.85955
-3.05062
-3.84421
-3.66847
-3.86283
-2.89195
-4.02484
-3.55581
-3.47872
-4.15263
-3.4664
-2.41505
-3.7427
-3.93116
-3.77812
-3.89181
-3.32194
-3.58296
-3.79736
-3.84979
-3.71873
-3.86123
-3.95411
-3.42645
-3.71722
-3.79312
-3.89227
-3.69937
-3.90326
-3.43728
-3.72222
-2.94164
-2.5187
-3.82341
-3.94754
-4.17424
-3.71846
-2.63599
-3.53203
-3.00405
-3.54496
-3.7597
-2.57026
-3.80995
-3.65118
-3.28673
-3.34766
-3.89073
-3.98186
-3.55635
-3.82571
-3.75448
-3.52654
-3.38367
-4.12338
-3.69867
-3.11067
-3.75166
-4.09585
-3.64707
-3.94348
-3.74757
-3.53913
-3.89036
-2.92139
-3.51874
-3.40769
-3.47365
-3.56278
-3.60566
-2.89156
-3.12227
-4.09087
-3.1946
-3.94496
-3.56934
-4.19362
-3.60198
-4.02023
-3.8428
-3.49976
-3.82957
-2.53012
-3.86776
-3.53226
-3.44599
-3.73907
-3.78584
-3.27838
-3.93105
-3.34931
-3.45421
-4.05716
-3.71747
-3.42466
-1.82862
-3.66555
-3.76922
-4.03974
-4.04961
-3.83928
-3.16786
-4.07593
-4.03059
-1.84687
-3.83739
-3.54941
-3.98204
-3.23864
-3.62557
-3.53384
-3.41307
-3.71813
-3.61874
-2.31256
-2.74457
-3.65152
-3.22061
-3.05138
-3.41478
-3.6931
-3.73385
-4.05801
-3.68869
-4.047
-3.24225
-3.60426
-3.94176
-3.96729
-3.44922
-3.25771
-3.64811
-3.61329
-3.04357
-3.46162
-3.75848
-4.08449
-3.80386
-3.96343
-3.96826
-4.11206
-2.9941
-3.52255
-4.07333
-3.5483
-3.80072
-4.10246
-3.34727
-4.04176
-3.77953
-3.93579
-3.97604
-3.3149
-3.44337
-3.27919
-3.62542
-3.74348
-3.49378
-3.50735
-3.78704
-2.37662
-3.69832
-3.4278
-3.40096
-3.94792
-3.87804
-3.42988
-4.26963
-3.24986
-3.8364
-3.39793
-3.77787
-2.88938
-3.79412
-3.55893
-3.97554
-3.64346
-4.24807
-3.56787
-3.83243
-3.56355
-3.5387
-3.78572
-3.07487
-3.72225
-3.08741
-3.83473
-3.57891
-3.41989
-3.89669
-3.92485
-2.53728
-2.5727
-3.63742
-3.99109
-3.88804
-4.02488
-3.7124
-3.95874
-3.47136
-3.85058
-3.52399
-4.05856
-3.81156
-4.07831
-4.09157
-3.16479
-3.39815
-4.20326
-2.71954
-3.38355
-3.8589
-3.70677
-4.08622
-3.889
-3.35775
-4.0742
-3.28328
-3.75999
-3.75959
-3.35454
-3.17714
-4.08416
-2.78528
-3.73883
-3.17622
-3.80477
-2.87284
-4.00233
-3.91791
-3.48629
-4.2167
-3.36646
-4.11992
-3.87317
-4.03069
-3.98328
-3.95247
-3.89185
-4.01011
-3.66889
-2.78529
-3.83625
-3.76217
-3.54261
-3.53512
-4.08975
-3.84444
-3.08416
-2.71453
-3.67807
-3.46905
-2.57485
-2.80544
-3.79176
-3.33455
-3.89142
-3.28672
-3.83801
-4.18256
-3.23775
-3.2329
-3.92989
-1.8506
-3.86852
-3.68217
-4.027
-3.60718
-3.08588
-3.2783
-3.73321
-3.86249
-3.90342
-3.956
-3.32369
-3.47528
-3.78677
-3.89119
-3.62812
-3.35417
-3.1188
-2.65864
-3.90101
-3.77426
-3.69271
-4.05858
-3.07024
-3.65198
-3.84353
-3.47207
-3.80872
-3.98971
-3.85018
-3.30984
-3.36341
-3.8366
-3.52034
-3.89286
-3.51811
-2.041
-3.68339
-3.73005
-2.83467
-3.53322
-3.71467
-3.27271
-3.89346
-3.823
-3.94451
-3.79008
-3.69949
-3.05798
-3.88415
-4.04674
-3.96904
-3.58898
-3.14807
-3.76417
-3.33029
-3.21938
-3.65744
-3.65359
-3.86227
-2.95429
-3.17117
-3.32186
-2.94096
-3.78919
-3.35411
-2.53064
-3.671
-2.4775
-2.69077
-3.96827
-3.94726
-3.61778
-3.589
-3.69919
-3.62599
-4.07189
-3.54532
-3.65018
-3.78294
-3.90205
-3.89902
-4.07929
-3.28861
-3.5463
-3.96764
-3.60946
-3.52154
-4.24065
-3.59747
-3.25363
-3.97933
-3.23718
-3.44601
-3.61894
-3.76251
-3.39288
-3.83643
-3.8051
-2.63955
-3.94903
-3.67058
-3.8006
-3.45823
-3.96455
-3.97397
-3.89631
-3.21503
-3.90396
-3.3186
-3.28954
-3.59686
-3.93712
-3.80458
-3.14823
-4.04003
-3.64102
-3.1743
-3.20135
-2.37947
-3.44716
-3.78393
-3.44059
-3.51204
-4.07629
-3.84526
-4.1509
-3.17936
-4.15116
-3.96144
-3.82843
-3.70011
-3.09137
-3.77562
-3.79814
-3.31196
-3.61313
-3.38587
-3.91
-3.02319
-3.98377
-4.03603
-4.23453
-2.95363
-3.72204
-4.14129
-3.59501
-3.89562
-2.84982
-3.95301
-3.42621
-3.09862
-2.59154
-2.77968
-3.67188
-3.70477
-3.36116
-4.05579
-3.639
-3.0849
-3.82189
-3.65005
-3.56726
-3.49909
-3.70721
-3.9146
-3.60144
-3.70817
-3.66182
-4.04063
-3.52393
-3.7087
-3.05392
-3.65797
-3.06823
-4.04061
-4.11822
-3.3224
-3.05972
-3.92066
-3.19741
-3.65429
-3.48812
-4.03258
-3.48672
-3.18452
-3.67053
-3.77012
-3.82557
-3.96397
-3.78273
-3.86618
-3.61157
-3.82597
-3.43283
-4.1821
-3.89162
-3.56445
-3.42416
-3.90679
-3.11656
-2.16992
-3.93136
-2.70206
-3.57789
-2.86385
-4.18319
-3.39143
-3.0882
-3.94059
-3.66478
-3.9133
-3.37195
-3.62455
-3.14698
-3.51592
-3.7857
-4.15495
-3.35623
-3.37605
-3.15292
-4.10238
-4.1305
-3.46984
-4.08954
-3.59626
-4.15608
-3.71431
-3.93549
-3.97572
-2.05759
-3.91568
-3.64056
-1.58067
-2.00568
-4.09913
-3.71358
-4.07822
-3.80878
-2.96272
-3.92641
-3.74215
-3.72368
-3.29553
-4.07104
-3.54015
-3.33167
-3.62815
-3.3122
-4.09721
-3.06705
-3.92727
-3.51363
-3.79028
-3.88401
-3.41295
-3.89461
-4.11121
-3.8577
-3.1982
-3.78682
-3.72293
-3.92517
-4.04164
-3.60848
-3.34006
-3.00092
-3.94363
-3.75107
-3.6087
-2.76914
-3.89186
-4.01296
-3.32398
-4.03729
-3.49402
-3.15638
-3.78998
-2.16217
-2.68569
-4.0251
-2.28534
-2.7709
-3.57395
-3.4812
-3.57686
-3.34894
-3.23914
-3.96826
-3.47902
-3.77601
-3.80166
-3.8792
-3.32309
-3.35092
-3.76153
-3.99027
-3.96959
-3.69705
-4.21124
-4.08144
-3.96263
-3.98645
-2.9637
-3.33348
-3.01925
-3.68496
-3.81772
-3.69414
-4.00463
-3.91508
-3.92566
-3.98504
-3.42617
-3.89608
-3.94726
-3.67116
-4.00882
-3.8413
-3.90348
-3.40544
-3.98052
-3.23733
-4.00337
-3.66314
-3.94064
-3.76891
-3.77192
-3.96611
-3.63393
-3.95595
-3.71234
-3.94099
-3.95435
-3.67062
-2.49202
-3.28162
-4.03371
-3.38205
-4.10638
-4.18634
-3.22757
-3.31948
-3.76455
-2.85499
-3.87528
-4.27128
-3.89156
-3.38259
-3.70743
-2.85326
-2.95507
-3.73949
-3.21217
-3.77211
-3.69985
-3.64959
-3.97581
-3.70727
-3.9009
-3.77264
-3.22824
-3.57471
-3.41874
-3.89972
-3.37348
-3.86809
-3.35461
-3.67754
-3.03504
-3.99949
-3.90405
-3.49863
-4.26202
-3.81886
-2.80083
-3.47308
-3.38154
-3.78565
-3.61485
-4.0935
-2.95623
-3.78242
-3.64981
-4.04101
-2.95954
-3.0643
-3.72555
-4.14647
-3.62393
-4.02316
-3.64545
-3.92492
-3.55818
-3.74537
-3.55781
-3.5105
-2.52947
-3.70749
-3.19903
-3.50703
-3.12078
-3.77742
-2.889
-3.67415
-3.8755
-3.8432
-3.14353
-3.7364
-3.94845
-3.91014
-3.31435
-3.59181
-3.5951
-3.29206
-2.91416
-1.99027
-3.75074
-4.01939
-3.36677
-3.29588
-3.79845
-3.95728
-3.83996
-3.81596
-3.95325
-4.07448
-3.36777
-4.02069
-3.31226
-3.47904
-3.41508
-4.14164
-3.75314
-4.01323
-3.66636
-3.66316
-3.61715
-2.87621
-3.6142
-3.50831
-4.03609
-3.89763
-3.7459
-3.94825
-2.27052
-4.18333
-3.47973
-3.81168
-3.34945
-3.7346
-3.7274
-3.75867
-3.06338
-2.90918
-3.65992
-3.21298
-2.89213
-3.52693
-3.08123
-3.19647
-4.2282
-3.66448
-3.73769
-3.34038
-4.15472
-3.08611
-3.86444
-3.68583
-3.61872
-3.57783
-4.1995
-3.8349
-3.62901
-3.68591
-3.69031
-3.65268
-3.82455
-3.92784
-2.91195
-3.23782
-3.72705
-3.69808
-3.88541
-3.80413
-3.46092
-3.53048
-3.28388
-3.9413
-3.62764
-3.73511
-4.04965
-3.74238
-3.14149
-3.59106
-3.95224
-3.64625
-3.71624
-3.91965
-3.80248
-2.93377
-3.10612
-3.75455
-3.23796
-4.0433
-2.91641
-3.29949
-3.75179
-3.8
-2.57812
-3.66685
-3.12244
-4.10147
-4.15257
-3.97102
-3.50514
-3.83029
-3.53769
-3.72521
-3.88742
-3.30072
-3.62752
-3.60998
-2.8764
-3.72972
-2.94914
-3.76836
-2.4295
-3.37112
-3.50585
-3.74974
-4.07391
-3.28606
-3.85778
-3.92491
-3.92548
-3.36243
-3.9134
-4.1004
-3.44057
-3.34185
-3.96481
-3.89768
-3.8365
-3.28386
-3.39896
-3.50369
-3.87067
-3.9876
-3.68432
-3.94278
-3.92847
-4.03923
-3.40248
-3.76519
-3.83761
-3.37518
-3.82372
-4.01956
-3.12588
-3.70044
-4.00313
-4.21109
-4.1594
-4.02107
-2.84873
-3.71527
-4.17044
-2.62996
-3.20247
-3.67903
-4.01918
-3.36814
-4.17031
