0 0.000114736
1 0.00101988
2 0.000743626
3 -0.000126313
4 -0.000455762
5 -0.000923242
6 0.000707948
7 2.92361e-05
8 0.000544206
9 0.000912183
10 -0.000939672
11 0.00358475
12 -0.000839962
13 0.000361386
14 -0.000468612
15 -0.00109974
16 -0.000919702
17 0.000165206
18 0.00190119
19 -0.000747846
20 -9.00362e-05
21 0.0011197
22 -0.000419166
23 0.000882912
24 -0.000714987
25 0.000264033
26 -0.000508161
27 6.85482e-05
28 0.00136174
29 4.67619e-05
30 -0.00172972
31 -0.000668508
32 0.000829945
33 -0.000874873
34 -0.000379281
35 0.000666476
36 -1.37305e-05
37 -1.75755e-05
38 -0.00144283
39 -0.000536119
40 -0.000504083
41 0.00168443
42 -0.00114052
43 9.4983e-05
44 0.00029819
45 -0.000894376
46 4.78736e-05
47 -0.00115859
48 9.8754e-05
49 0.00035981
50 -0.0693614
51 -0.0679715
52 -0.0674861
53 -0.0691612
54 -0.0683157
55 -0.0676705
56 -0.0680821
57 -0.0686229
58 -0.0678737
59 -0.0680765
60 -0.0677471
61 -0.0675819
62 -0.0684152
63 -0.0671544
64 -0.0689696
65 -0.0674787
66 -0.0707917
67 -0.068756
68 -0.069803
69 -0.0666188
70 -0.0680568
71 -0.0686233
72 -0.0682199
73 -0.0684388
74 -0.0688893
75 -0.0688686
76 -0.0682663
77 -0.0674456
78 -0.0687974
79 -0.0661426
80 -0.0681249
81 -0.0696659
82 -0.0674379
83 -0.0681459
84 -0.0681279
85 -0.0682963
86 -0.0673281
87 -0.067987
88 -0.0678578
89 -0.0671035
90 -0.0673999
91 -0.0673243
92 -0.0684446
93 -0.0675441
94 -0.069312
95 -0.0666802
96 -0.0681561
97 -0.0697886
98 -0.0667379
99 -0.0668821
100 -0.0691052
101 -0.0693242
102 -0.0674305
103 -0.0675169
104 -0.0685791
105 -0.0673472
106 -0.0686888
107 -0.0671651
108 -0.0693483
109 -0.0670255
110 -0.0672337
111 -0.0680235
112 -0.0704974
113 -0.0667346
114 -0.0702206
115 -0.0695912
116 -0.0698505
117 -0.0682021
118 -0.0660936
119 -0.0673418
120 -0.0680107
121 -0.0682186
122 -0.069615
123 -0.0672194
124 -0.0687826
125 -0.068157
126 -0.0668511
127 -0.0686998
128 -0.0679242
129 -0.0672352
130 -0.0687635
131 -0.0672443
132 -0.0673095
133 -0.0678986
134 -0.0697388
135 -0.069677
136 -0.0690162
137 -0.0691163
138 -0.067653
139 -0.0667788
140 -0.0676476
141 -0.0687733
142 -0.0688109
143 -0.0660414
144 -0.0672627
145 -0.0683022
146 -0.0688885
147 -0.0680534
148 -0.0699264
149 -0.0677569
150 0.00202697
151 0.00251278
152 0.00110197
153 -0.00140374
154 -0.000657367
155 -0.000106911
156 0.00212095
157 0.00057564
158 0.00234969
159 -0.000171874
160 -0.0017091
161 0.000725325
162 -0.00253915
163 9.54698e-06
164 0.00116992
165 -0.000669894
166 0.000457422
167 -0.000130511
168 -0.00117528
169 -0.00278975
170 0.000477492
171 -0.000277588
172 -0.000388311
173 0.000734233
174 0.00102816
175 -0.000660386
176 -0.0033923
177 0.000969062
178 -0.000174859
179 -2.38672e-05
180 -0.000412802
181 0.000571911
182 7.23606e-05
183 -0.00108324
184 -0.000961014
185 0.000682413
186 -0.000310937
187 -0.00107364
188 -0.00170279
189 -0.000583893
190 -0.000654453
191 0.000729226
192 -0.00163312
193 0.000581754
194 0.00127911
195 0.000452477
196 0.000148339
197 0.000605066
198 0.00112288
199 0.000891535
