8 0.00986065 0.0282718 0.0190598 0.00552268 0.0293801 0.0512221 0.0391304 0.0516667 0.0391304 0.0512221 0.0293801 0.00552268 0.0190598 0.0282718 0.00986065 
0.0185479 0.0144199 0.0199182 0.0640897 0.0187851 0.04424 0.0378532 0.0724708 0.0159189 0.0442614 0.0144064 0.0344954 0.0125169 0.0773064 0.00980384 0.0234823 
0.0244751 0.0253324 0.0254957 0.0399449 0.0175711 0.072763 0.0155227 0.0279094 0.0441495 0.0868086 0.0226013 0.0366064 0.0661715 0.00674712 0.0789665 0.0305363 
0.031632 0.00680333 0.00435629 0.034471 0.0154519 0.0827559 0.0207658 0.0237126 0.0464977 0.0182928 0.0220184 0.040547 0.0764587 0.0194545 0.0343824 0.0122482 
0.0156436 0.0672364 0.0466531 0.0506717 0.047797 0.066383 0.0579637 0.0158083 0.053912 0.0382024 0.0368606 0.0454582 0.0274874 0.00786201 0.0232735 0.0406205 
0.027774 0.0496425 0.0737118 0.0428696 0.0160749 0.0188742 0.0680058 0.0113186 0.0417105 0.014463 0.0312607 0.0272339 0.0413658 0.0395071 0.0284649 0.0117507 
0.0283191 0.01904 0.0334189 0.0550741 0.0479617 0.0141519 0.0455445 0.0316199 0.0555402 0.0425633 0.0408964 0.0189866 0.0316163 0.0230143 0.0479185 0.0163087 
0.0227351 0.0668005 0.00726178 0.0600043 0.0394136 0.0130053 0.019972 0.0323663 0.051024 0.0159226 0.0228696 0.0226114 0.0398065 0.0221034 0.0179238 0.0355598 
0.00166667 0.00328919 0.0398954 0.0371967 0.0368337 0.0231482 0.0172635 0.0337206 0.0426667 0.0337206 0.0172635 0.0231482 0.0368337 0.0371967 0.0398954 0.00328919 
0.0227351 0.0355598 0.0179238 0.0221034 0.0398065 0.0226114 0.0228696 0.0159226 0.051024 0.0323663 0.019972 0.0130053 0.0394136 0.0600043 0.00726178 0.0668005 
0.0283191 0.0163087 0.0479185 0.0230143 0.0316163 0.0189866 0.0408964 0.0425633 0.0555402 0.0316199 0.0455445 0.0141519 0.0479617 0.0550741 0.0334189 0.01904 
0.027774 0.0117507 0.0284649 0.0395071 0.0413658 0.0272339 0.0312607 0.014463 0.0417105 0.0113186 0.0680058 0.0188742 0.0160749 0.0428696 0.0737118 0.0496425 
0.0156436 0.0406205 0.0232735 0.00786201 0.0274874 0.0454582 0.0368606 0.0382024 0.053912 0.0158083 0.0579637 0.066383 0.047797 0.0506717 0.0466531 0.0672364 
0.031632 0.0122482 0.0343824 0.0194545 0.0764587 0.040547 0.0220184 0.0182928 0.0464977 0.0237126 0.0207658 0.0827559 0.0154519 0.034471 0.00435629 0.00680333 
0.0244751 0.0305363 0.0789665 0.00674712 0.0661715 0.0366064 0.0226013 0.0868086 0.0441495 0.0279094 0.0155227 0.072763 0.0175711 0.0399449 0.0254957 0.0253324 
0.0185479 0.0234823 0.00980384 0.0773064 0.0125169 0.0344954 0.0144064 0.0442614 0.0159189 0.0724708 0.0378532 0.04424 0.0187851 0.0640897 0.0199182 0.0144199 
