64 1.71951 6.08817 8.48047 8.07167 7.87121 7.99783 7.98348 8.10333 7.98348 7.99783 7.87121 8.07167 8.48047 6.08817 1.71951 
1.71216 3.25359 6.31458 8.54262 7.85526 8.10298 7.98381 8.04591 7.98194 7.92479 8.0296 7.7132 7.86555 8.19575 7.70127 3.91481 
6.14773 6.57228 7.47577 8.19406 8.21239 7.85408 7.84452 7.89866 8.17751 8.02256 8.08422 8.0479 7.83005 7.85025 8.61561 7.60825 
8.53859 8.61042 8.17824 8.06333 7.90393 8.05262 7.80765 8.03369 8.18656 7.99868 7.91268 7.92904 7.95703 7.93713 7.83074 8.10558 
7.82433 7.9421 7.84107 8.109 7.87133 8.16768 7.94192 7.97024 8.04167 8.0192 8.07159 7.86792 7.82533 8.01235 8.05741 7.85018 
8.10792 7.8299 8.01004 8.14143 7.86583 8.0621 8.10029 7.96914 7.97411 7.97121 7.9275 8.08636 8.05874 7.89724 8.12769 7.79967 
7.8396 8.02312 8.03214 7.80199 8.02662 8.00775 8.01223 7.95284 7.85649 7.85492 8.13572 8.0845 8.00827 8.03467 8.05311 7.87217 
7.96133 8.10005 7.9591 8.10957 8.04244 8.02036 8.26562 7.86365 8.12406 8.03103 7.85826 8.09399 8.06189 7.87924 8.05161 7.97693 
8.222 8.04311 7.87329 7.96946 7.909 7.92298 7.90204 8.02845 8.03867 8.02845 7.90204 7.92298 7.909 7.96946 7.87329 8.04311 
7.96133 7.97693 8.05161 7.87924 8.06189 8.09399 7.85826 8.03103 8.12406 7.86365 8.26562 8.02036 8.04244 8.10957 7.9591 8.10005 
7.8396 7.87217 8.05311 8.03467 8.00827 8.0845 8.13572 7.85492 7.85649 7.95284 8.01223 8.00775 8.02662 7.80199 8.03214 8.02312 
8.10792 7.79967 8.12769 7.89724 8.05874 8.08636 7.9275 7.97121 7.97411 7.96914 8.10029 8.0621 7.86583 8.14143 8.01004 7.8299 
7.82433 7.85018 8.05741 8.01235 7.82533 7.86792 8.07159 8.0192 8.04167 7.97024 7.94192 8.16768 7.87133 8.109 7.84107 7.9421 
8.53859 8.10558 7.83074 7.93713 7.95703 7.92904 7.91268 7.99868 8.18656 8.03369 7.80765 8.05262 7.90393 8.06333 8.17824 8.61042 
6.14773 7.60825 8.61561 7.85025 7.83005 8.0479 8.08422 8.02256 8.17751 7.89866 7.84452 7.85408 8.21239 8.19406 7.47577 6.57228 
1.71216 3.91481 7.70127 8.19575 7.86555 7.7132 8.0296 7.92479 7.98194 8.04591 7.98381 8.10298 7.85526 8.54262 6.31458 3.25359 
