0 0 0.776502 -0.000690843 0.93995 -0.0176313 1.28381 0.0133264
0.005 0 0.778005 -0.00366322 0.940348 -0.0280126 1.28095 0.00861015
0.01 0 0.779059 -0.00657415 0.940308 -0.0385813 1.27689 0.00397623
0.015 0 0.779663 -0.00940917 0.939813 -0.0493704 1.27167 -0.000554721
0.02 0 0.779821 -0.0121535 0.938848 -0.0604171 1.26531 -0.00495885
0.025 0 0.779538 -0.0147922 0.93739 -0.0717619 1.25787 -0.00920928
0.03 0 0.778816 -0.0173099 0.935416 -0.0834481 1.24938 -0.0132766
0.035 0 0.777662 -0.0196909 0.932897 -0.0955214 1.23989 -0.0171295
0.04 0 0.776079 -0.0219196 0.929798 -0.108028 1.22947 -0.0207363
0.045 0 0.774073 -0.023981 0.926082 -0.121011 1.21818 -0.024067
0.05 0 0.771646 -0.0258606 0.921705 -0.13451 1.20609 -0.0270955
0.055 0 0.768802 -0.0275454 0.91662 -0.148556 1.1933 -0.0298031
0.06 0 0.765543 -0.029024 0.910781 -0.163167 1.17989 -0.0321814
0.065 0 0.761873 -0.0302873 0.904141 -0.178345 1.16593 -0.0342353
0.07 0 0.757794 -0.0313289 0.896661 -0.194077 1.15152 -0.0359836
0.075 0 0.753309 -0.0321449 0.888312 -0.210331 1.13672 -0.0374584
0.08 0 0.748424 -0.032734 0.879082 -0.227067 1.12157 -0.0387014
0.085 0 0.743146 -0.0330977 0.868972 -0.244233 1.10612 -0.0397598
0.09 0 0.737483 -0.0332391 0.857999 -0.261776 1.09037 -0.0406809
0.095 0 0.731446 -0.0331633 0.846193 -0.279645 1.07433 -0.0415081
0.1 0 0.725048 -0.0328767 0.833594 -0.297794 1.05799 -0.0422783
0.105 0 0.718307 -0.0323863 0.820246 -0.316184 1.04132 -0.0430209
0.11 0 0.71124 -0.0317 0.806199 -0.334783 1.02431 -0.0437572
0.115 0 0.703868 -0.0308258 0.791504 -0.353564 1.00695 -0.0445018
0.12 0 0.696216 -0.0297718 0.776211 -0.372508 0.9892 -0.0452636
0.125 0 0.68831 -0.0285462 0.760369 -0.391597 0.971056 -0.0460472
0.13 0 0.680179 -0.0271567 0.744027 -0.410819 0.952502 -0.0468539
0.135 0 0.671855 -0.0256109 0.727232 -0.430163 0.933522 -0.0476835
0.14 0 0.663375 -0.0239152 0.710028 -0.449619 0.914107 -0.0485351
0.145 0 0.654777 -0.0220752 0.69246 -0.469178 0.894245 -0.0494087
0.15 0 0.646107 -0.020094 0.674571 -0.488831 0.873923 -0.0503063
0.155 0 0.637416 -0.0179712 0.656401 -0.508568 0.853127 -0.0512344
0.16 0 0.628762 -0.0157007 0.637991 -0.528379 0.831837 -0.0522064
0.165 0 0.61938 -0.548251 0.620214 -0.0132661 0.810027 -0.0532473
0.17 0 0.600606 -0.568174 0.611857 -0.0106334 0.787659 -0.0544013
0.175 0 0.581706 -0.588132 0.603795 -0.00773688 0.764677 -0.0557466
0.18 0 0.562716 -0.608111 0.596162 -0.00445018 0.740999 -0.0574238
0.185 0 0.543671 -0.628096 0.589135 -0.000523768 0.71651 -0.0596989
0.19 0 0.524606 -0.648069 0.582929 0.00456071 0.691071 -0.0631086
0.195 0 0.505553 -0.668016 0.577711 0.0119187 0.664633 -0.0687885
