0 0 0.816936 -0.0136271 0.894217 -0.104796 1.29806 0.0807244
0.002 0 0.814762 -0.0124781 0.897127 -0.111261 1.29752 0.0781231
0.004 0 0.812671 -0.0115836 0.89981 -0.117471 1.29685 0.075545
0.006 0 0.810644 -0.0108909 0.902287 -0.123479 1.29603 0.0729897
0.008 0 0.808661 -0.0103611 0.904574 -0.129324 1.29507 0.070457
0.01 0 0.806711 -0.00996437 0.906685 -0.135034 1.29398 0.0679469
0.012 0 0.804782 -0.00967718 0.908628 -0.140634 1.29275 0.0654591
0.014 0 0.802866 -0.00948063 0.910413 -0.146143 1.29138 0.0629936
0.016 0 0.800956 -0.00935911 0.912046 -0.151576 1.28988 0.0605503
0.018 0 0.799044 -0.00929954 0.913533 -0.156945 1.28825 0.0581292
0.02 0 0.797128 -0.00929084 0.914878 -0.162263 1.28648 0.0557302
0.022 0 0.795201 -0.00932344 0.916085 -0.167538 1.28459 0.0533534
0.024 0 0.793261 -0.00938907 0.917157 -0.172778 1.28256 0.0509987
0.026 0 0.791304 -0.00948042 0.918097 -0.177992 1.2804 0.0486664
0.028 0 0.789328 -0.00959106 0.918907 -0.183184 1.27811 0.0463563
0.03 0 0.78733 -0.00971525 0.919587 -0.188362 1.27569 0.0440688
0.032 0 0.785308 -0.00984785 0.920141 -0.193529 1.27315 0.0418039
0.034 0 0.78326 -0.00998423 0.920568 -0.198692 1.27047 0.0395618
0.036 0 0.781185 -0.0101202 0.920869 -0.203853 1.26767 0.0373426
0.038 0 0.779081 -0.0102519 0.921046 -0.209016 1.26474 0.0351467
0.04 0 0.776946 -0.010376 0.921097 -0.214186 1.26169 0.0329741
0.042 0 0.774781 -0.0104891 0.921024 -0.219365 1.25852 0.0308253
0.044 0 0.772583 -0.0105885 0.920826 -0.224556 1.25521 0.0287004
0.046 0 0.770352 -0.0106715 0.920503 -0.229762 1.25179 0.0265997
0.048 0 0.768088 -0.0107355 0.920054 -0.234985 1.24824 0.0245234
0.05 0 0.765788 -0.0107784 0.919479 -0.240227 1.24457 0.0224719
0.052 0 0.763453 -0.010798 0.918777 -0.245492 1.24078 0.0204455
0.054 0 0.761082 -0.0107925 0.917947 -0.25078 1.23687 0.0184443
0.056 0 0.758675 -0.0107601 0.91699 -0.256093 1.23284 0.0164688
0.058 0 0.756231 -0.0106992 0.915902 -0.261433 1.2287 0.0145191
0.06 0 0.75375 -0.0106083 0.914685 -0.266802 1.22443 0.0125956
0.062 0 0.751231 -0.010486 0.913335 -0.2722 1.22005 0.0106985
0.064 0 0.748674 -0.0103311 0.911854 -0.277629 1.21555 0.00882793
0.066 0 0.746079 -0.0101425 0.910238 -0.283089 1.21094 0.00698422
0.068 0 0.743446 -0.00991916 0.908487 -0.288583 1.20621 0.00516754
0.07 0 0.740774 -0.0096601 0.9066 -0.29411 1.20137 0.00337803
0.072 0 0.738064 -0.00936451 0.904576 -0.299671 1.19643 0.00161585
0.074 0 0.735315 -0.00903164 0.902413 -0.305266 1.19137 -0.000118885
0.076 0 0.732527 -0.00866084 0.90011 -0.310897 1.1862 -0.00182611
0.078 0 0.729701 -0.00825151 0.897667 -0.316563 1.18092 -0.00350575
0.08 0 0.726836 -0.00780316 0.895082 -0.322264 1.17554 -0.00515782
0.082 0 0.723933 -0.00731532 0.892353 -0.328001 1.17006 -0.0067823
0.084 0 0.720992 -0.00678765 0.889481 -0.333773 1.16447 -0.00837926
0.086 0 0.718013 -0.00621982 0.886465 -0.33958 1.15877 -0.00994879
0.088 0 0.714996 -0.00561158 0.883304 -0.345423 1.15298 -0.011491
0.09 0 0.711942 -0.00496274 0.879996 -0.351299 1.14708 -0.013006
0.092 0 0.708851 -0.00427315 0.876543 -0.35721 1.14109 -0.0144941
0.094 0 0.705724 -0.00354271 0.872943 -0.363155 1.13499 -0.0159553
0.096 0 0.702561 -0.00277136 0.869196 -0.369133 1.1288 -0.0173901
0.098 0 0.699362 -0.00195907 0.865304 -0.375142 1.12252 -0.0187986
0.1 0 0.696129 -0.00110586 0.861264 -0.381183 1.11613 -0.0201813
0.102 0 0.692862 -0.000211755 0.857079 -0.387255 1.10966 -0.0215383
0.104 0 0.689562 0.000723189 0.852749 -0.393356 1.10309 -0.0228702
0.106 0 0.686229 0.0016989 0.848274 -0.399485 1.09643 -0.0241773
0.108 0 0.682865 0.00271529 0.843656 -0.405643 1.08967 -0.02546
0.11 0 0.679471 0.00377229 0.838895 -0.411826 1.08283 -0.0267189
0.112 0 0.676048 0.0048698 0.833994 -0.418035 1.0759 -0.0279544
0.114 0 0.672596 0.00600775 0.828954 -0.424268 1.06887 -0.029167
0.116 0 0.669118 0.00718608 0.823776 -0.430523 1.06176 -0.0303573
0.118 0 0.665615 0.00840475 0.818463 -0.436801 1.05456 -0.031526
0.12 0 0.662087 0.00966375 0.813017 -0.443098 1.04728 -0.0326735
0.122 0 0.658537 0.0109631 0.80744 -0.449415 1.03991 -0.0338006
0.124 0 0.654965 0.0123029 0.801736 -0.455749 1.03245 -0.034908
0.126 0 0.651375 0.0136833 0.795906 -0.4621 1.0249 -0.0359965
0.128 0 0.647767 0.0151044 0.789956 -0.468466 1.01728 -0.0370668
0.13 0 0.644143 0.0165665 0.783886 -0.474845 1.00956 -0.0381197
0.132 0 0.640505 0.0180699 0.777702 -0.481237 1.00177 -0.0391563
0.134 0 0.636855 0.0196151 0.771407 -0.487641 0.993886 -0.0401775
0.136 0 0.633196 0.0212026 0.765004 -0.494054 0.985923 -0.0411843
0.138 0 0.62953 0.0228331 0.758498 -0.500476 0.977877 -0.0421779
0.14 0 0.625858 0.0245072 0.751893 -0.506905 0.969749 -0.0431596
0.142 0 0.622183 0.0262261 0.745193 -0.51334 0.961538 -0.0441307
0.144 0 0.618508 0.0279906 0.738403 -0.51978 0.953245 -0.0450927
0.146 0 0.614836 0.0298021 0.731527 -0.526224 0.944871 -0.0460471
0.148 0 0.611168 0.0316621 0.72457 -0.53267 0.936415 -0.046996
0.15 0 0.607508 0.0335721 0.717538 -0.539118 0.927877 -0.0479411
0.152 0 0.603859 0.0355341 0.710433 -0.545566 0.919258 -0.0488847
0.154 0 0.600224 0.0375503 0.703263 -0.552013 0.910558 -0.0498292
0.156 0 0.596605 0.0396231 0.696031 -0.558459 0.901776 -0.0507774
0.158 0 0.593006 0.0417555 0.688742 -0.564901 0.892913 -0.0517323
0.16 0 0.589431 0.0439506 0.681403 -0.57134 0.883969 -0.0526973
0.162 0 0.585882 0.0462121 0.674017 -0.577774 0.874943 -0.0536762
0.164 0 0.582364 0.0485441 0.66659 -0.584202 0.865836 -0.0546733
0.166 0 0.578879 0.0509515 0.659127 -0.590624 0.856647 -0.0556936
0.168 0 0.575432 0.0534395 0.651633 -0.597038 0.847376 -0.0567424
0.17 0 0.572027 0.0560144 0.644113 -0.603444 0.838024 -0.0578262
0.172 0 0.568667 0.0586832 0.636571 -0.609841 0.828591 -0.0589519
0.174 0 0.565357 0.0614538 0.629013 -0.616228 0.819076 -0.0601277
0.176 0 0.562099 0.0643353 0.621443 -0.622606 0.809479 -0.0613628
0.178 0 0.558899 0.0673383 0.613867 -0.628972 0.799803 -0.0626678
0.18 0 0.555761 0.0704746 0.606287 -0.635327 0.790046 -0.0640548
0.182 0 0.552687 0.0737579 0.59871 -0.64167 0.780212 -0.0655375
0.184 0 0.549681 0.0772038 0.591138 -0.648 0.770301 -0.0671317
0.186 0 0.546746 0.0808298 0.583577 -0.654318 0.760318 -0.0688553
0.188 0 0.543885 0.0846561 0.57603 -0.660623 0.750266 -0.0707284
0.19 0 0.541097 0.0887052 0.5685 -0.666915 0.740151 -0.0727738
0.192 0 0.538382 0.093002 0.560993 -0.673194 0.729981 -0.0750168
0.194 0 0.535739 0.0975738 0.55351 -0.679459 0.719767 -0.077485
0.196 0 0.533163 0.10245 0.546055 -0.685711 0.709522 -0.080208
0.198 0 0.530646 0.107661 0.538632 -0.691951 0.699264 -0.0832164
