0 0 0.89876 -0.502591 0.984418 0.617304 1.09702 -3.01752
0.005 0 0.954625 -1.36366 0.989711 2.45935 1.03434 -0.479191
0.01 0 0.9573 0.46306 0.976239 -0.163578 1.05024 -2.06534
0.015 0 0.915286 1.94562 0.993979 -1.87536 1.06017 -0.244187
0.02 0 0.993713 -0.655782 0.994216 2.84704 1.04105 -0.167074
0.025 0 0.918931 2.57077 0.956404 -1.07761 1.08359 1.38101
0.03 0 0.906084 0.129177 1.00753 -0.450523 1.0488 2.81913
0.035 0 0.930747 -0.603976 0.983553 -3.13027 1.04896 2.41218
0.04 0 0.901996 -2.71511 1.01049 0.416288 1.01558 -0.0759864
0.045 0 0.922974 -0.499679 0.954645 2.10317 1.02928 -1.62442
0.05 0 0.909535 1.35501 0.926617 -1.28341 1.04693 2.62737
0.055 0 0.917103 -0.428982 0.92245 1.42141 1.01922 3.07169
0.06 0 0.927376 0.634365 0.942989 -1.40213 0.950415 2.52091
0.065 0 0.900672 -1.95876 0.934567 -0.482011 0.959548 2.01531
0.07 0 0.868098 0.233624 0.918682 2.62713 0.983271 -3.04202
0.075 0 0.831916 3.13631 0.941798 -0.683577 0.951248 0.00810178
0.08 0 0.836239 1.61923 0.867751 -2.3629 0.996296 -0.639449
0.085 0 0.868237 -0.458719 0.874983 1.71055 0.920399 -2.31053
0.09 0 0.795814 1.55419 0.906847 -0.660965 0.943319 2.90459
0.095 0 0.81363 -2.72259 0.829391 0.313018 0.94656 1.3653
0.1 0 0.802517 2.19037 0.835099 -2.96913 0.921264 -0.0162807
0.105 0 0.785743 -2.07484 0.815228 1.14354 0.90091 2.11976
0.11 0 0.776383 -0.575857 0.826282 0.70732 0.845618 -2.97373
0.115 0 0.739835 0.78014 0.803885 -0.716977 0.871932 2.61989
0.12 0 0.682424 -2.15491 0.841961 2.87259 0.856048 -0.0983833
0.125 0 0.688972 0.70253 0.821088 -3.00995 0.823575 2.97814
0.13 0 0.703708 -3.00084 0.766207 1.74672 0.801318 -0.749449
0.135 0 0.628041 -2.81125 0.811249 -0.581579 0.816842 0.0247451
0.14 0 0.660943 2.66197 0.69884 -0.167808 0.837679 0.512809
0.145 0 0.659496 1.25396 0.725109 -2.94161 0.741396 -0.340106
0.15 0 0.608126 -1.11464 0.722913 -2.87477 0.758069 0.253016
0.155 0 0.626947 0.970322 0.691374 3.00594 0.714772 -0.626843
0.16 0 0.56375 0.404824 0.685027 2.62294 0.732132 -3.09082
0.165 0 0.600115 0.00246518 0.646264 2.3373 0.696973 -1.08943
0.17 0 0.493254 1.42754 0.690392 -0.466824 0.71311 2.80762
0.175 0 0.469033 -2.67985 0.670962 2.46308 0.724961 -0.661406
0.18 0 0.534712 -1.54483 0.610031 0.707083 0.619802 -3.01324
0.185 0 0.518394 -1.01695 0.545785 1.72505 0.689173 -0.45718
0.19 0 0.484997 -1.66629 0.594928 0.0277086 0.596873 3.06316
0.195 0 0.44919 -1.00351 0.583861 0.327538 0.601819 2.65257
