0 0 0.619617 2.28396 1.0447 -2.51487 1.31009 1.99462
0.02 0 0.683746 -0.373397 0.988277 -3.1114 1.27247 -1.48426
0.04 0 0.626689 1.47518 1.03024 -2.17695 1.20112 1.81078
0.06 0 0.846942 -1.12056 0.84896 -0.282098 0.954094 -0.625001
0.08 0 0.572113 -0.0592173 0.902999 -1.89492 1.05662 -0.276961
0.1 0 0.549221 -0.508076 0.817443 1.22544 0.995799 -2.45042
0.12 0 0.489134 -0.540621 0.809167 0.859051 0.855563 -2.04517
0.14 0 0.536079 1.96275 0.614466 -2.7089 0.79333 1.56616
0.16 0 0.453772 -0.988327 0.552247 0.412513 0.740808 -2.17991
0.18 0 0.371209 -0.885319 0.514116 0.603188 0.653403 -1.7201
0.2 0 0.39717 -1.56401 0.420828 -0.704257 0.469414 -0.0664747
