0 0 0.862297 -0.0176239 1.04897 -0.0138802 1.07061 0.0266256
0.01 0 0.889211 -2.63702 0.984359 0.53984 1.09153 -2.93191
0.02 0 0.953039 2.95977 0.973801 -0.186554 1.02736 0.307514
0.03 0 0.896983 1.09019 0.988393 -0.0209343 1.03157 0.58554
0.04 0 0.900136 -0.528556 0.931945 2.6347 1.05212 0.0367434
0.05 0 0.889301 -0.813562 0.89524 0.216732 1.05792 -3.06451
0.06 0 0.878337 -0.0130169 0.929722 -2.95711 0.971262 0.402675
0.07 0 0.839729 -0.433737 0.91367 -3.10797 0.965535 0.653488
0.08 0 0.811672 -0.715194 0.859952 2.92906 0.977728 -0.174339
0.09 0 0.81183 0.242146 0.879825 -2.92497 0.880578 2.62632
0.1 0 0.77465 0.345295 0.804085 -0.240518 0.919176 3.12505
0.11 0 0.736018 -0.582748 0.782128 -0.130773 0.887855 2.89178
0.12 0 0.731678 2.25188 0.770589 -0.140462 0.807394 -2.6005
0.13 0 0.667024 2.88349 0.71032 -0.258142 0.839364 2.65176
0.14 0 0.656554 -0.14314 0.675861 2.65328 0.783028 -0.506476
0.15 0 0.646741 2.71338 0.665753 0.223146 0.688848 -0.380162
0.16 0 0.564565 0.240413 0.608338 2.53117 0.739438 -2.88735
0.17 0 0.568399 -0.467152 0.606678 -0.00554197 0.629555 0.114548
0.18 0 0.511498 2.62429 0.535851 -0.347275 0.664517 -3.07278
0.19 0 0.491269 2.61092 0.528626 0.779834 0.579678 -0.486104
