0.5   0.5
0.499   0.5
0.5   0.499
0.5   0.501
0.501   0.5
0.499   0.499
0.499   0.501
0.501   0.499
0.501   0.501
0.498   0.5
0.5   0.498
0.5   0.502
0.502   0.5
0.498   0.499
0.498   0.501
0.499   0.498
0.499   0.502
0.501   0.498
0.501   0.502
0.502   0.499
0.502   0.501
0.498   0.498
0.498   0.502
0.502   0.498
0.502   0.502
0.497   0.5
0.5   0.497
0.5   0.503
0.503   0.5
0.497   0.499
0.497   0.501
0.499   0.497
0.499   0.503
0.501   0.497
0.501   0.503
0.503   0.499
0.503   0.501
0.497   0.498
0.497   0.502
0.498   0.497
0.498   0.503
0.502   0.497
0.502   0.503
0.503   0.498
0.503   0.502
0.496   0.5
0.5   0.496
0.5   0.504
0.504   0.5
0.496   0.499
0.496   0.501
0.499   0.496
0.499   0.504
0.501   0.496
0.501   0.504
0.504   0.499
0.504   0.501
0.497   0.497
0.497   0.503
0.503   0.497
0.503   0.503
0.496   0.498
0.496   0.502
0.498   0.496
0.498   0.504
0.502   0.496
0.502   0.504
0.504   0.498
0.504   0.502
0.495   0.5
0.496   0.497
0.496   0.503
0.497   0.496
0.497   0.504
0.5   0.495
0.5   0.505
0.503   0.496
0.503   0.504
0.504   0.497
0.504   0.503
0.505   0.5
0.495   0.499
0.495   0.501
0.499   0.495
0.499   0.505
0.501   0.495
0.501   0.505
0.505   0.499
0.505   0.501
0.495   0.498
0.495   0.502
0.498   0.495
0.498   0.505
0.502   0.495
0.502   0.505
0.505   0.498
0.505   0.502
0.496   0.496
0.496   0.504
0.504   0.496
0.504   0.504
0.495   0.497
0.495   0.503
0.497   0.495
0.497   0.505
0.503   0.495
0.503   0.505
0.505   0.497
0.505   0.503
0.494   0.5
0.5   0.494
0.5   0.506
0.506   0.5
0.494   0.499
0.494   0.501
0.499   0.494
0.499   0.506
0.501   0.494
0.501   0.506
0.506   0.499
0.506   0.501
0.494   0.498
0.494   0.502
0.498   0.494
0.498   0.506
0.502   0.494
0.502   0.506
0.506   0.498
0.506   0.502
0.495   0.496
0.495   0.504
0.496   0.495
0.496   0.505
0.504   0.495
0.504   0.505
0.505   0.496
0.505   0.504
0.494   0.497
0.494   0.503
0.497   0.494
0.497   0.506
0.503   0.494
0.503   0.506
0.506   0.497
0.506   0.503
0.493   0.5
0.5   0.493
0.5   0.507
0.507   0.5
0.493   0.499
0.493   0.501
0.495   0.495
0.495   0.505
0.499   0.493
0.499   0.507
0.501   0.493
0.501   0.507
0.505   0.495
0.505   0.505
0.507   0.499
0.507   0.501
0.494   0.496
0.494   0.504
0.496   0.494
0.496   0.506
0.504   0.494
0.504   0.506
0.506   0.496
0.506   0.504
0.493   0.498
0.493   0.502
0.498   0.493
0.498   0.507
0.502   0.493
0.502   0.507
0.507   0.498
0.507   0.502
0.493   0.497
0.493   0.503
0.497   0.493
0.497   0.507
0.503   0.493
0.503   0.507
0.507   0.497
0.507   0.503
0.494   0.495
0.494   0.505
0.495   0.494
0.495   0.506
0.505   0.494
0.505   0.506
0.506   0.495
0.506   0.505
0.492   0.5
0.5   0.492
0.5   0.508
0.508   0.5
0.492   0.499
0.492   0.501
0.493   0.496
0.493   0.504
0.496   0.493
0.496   0.507
0.499   0.492
0.499   0.508
0.501   0.492
0.501   0.508
0.504   0.493
0.504   0.507
0.507   0.496
0.507   0.504
0.508   0.499
0.508   0.501
0.492   0.498
0.492   0.502
0.498   0.492
0.498   0.508
0.502   0.492
0.502   0.508
0.508   0.498
0.508   0.502
0.494   0.494
0.494   0.506
0.506   0.494
0.506   0.506
0.492   0.497
0.492   0.503
0.497   0.492
0.497   0.508
0.503   0.492
0.503   0.508
0.508   0.497
0.508   0.503
0.493   0.495
0.493   0.505
0.495   0.493
0.495   0.507
0.505   0.493
0.505   0.507
0.507   0.495
0.507   0.505
0.492   0.496
0.492   0.504
0.496   0.492
0.496   0.508
0.504   0.492
0.504   0.508
0.508   0.496
0.508   0.504
0.491   0.5
0.5   0.491
0.5   0.509
0.509   0.5
0.491   0.499
0.491   0.501
0.499   0.491
0.499   0.509
0.501   0.491
0.501   0.509
0.509   0.499
0.509   0.501
0.491   0.498
0.491   0.502
0.493   0.494
0.493   0.506
0.494   0.493
0.494   0.507
0.498   0.491
0.498   0.509
0.502   0.491
0.502   0.509
0.506   0.493
0.506   0.507
0.507   0.494
0.507   0.506
0.509   0.498
0.509   0.502
0.492   0.495
0.492   0.505
0.495   0.492
0.495   0.508
0.505   0.492
0.505   0.508
0.508   0.495
0.508   0.505
0.491   0.497
0.491   0.503
0.497   0.491
0.497   0.509
0.503   0.491
0.503   0.509
0.509   0.497
0.509   0.503
0.491   0.496
0.491   0.504
0.496   0.491
0.496   0.509
0.504   0.491
0.504   0.509
0.509   0.496
0.509   0.504
0.493   0.493
0.493   0.507
0.507   0.493
0.507   0.507
0.49   0.5
0.492   0.494
0.492   0.506
0.494   0.492
0.494   0.508
0.5   0.49
0.5   0.51
0.506   0.492
0.506   0.508
0.508   0.494
0.508   0.506
0.51   0.5
0.49   0.499
0.49   0.501
0.499   0.49
0.499   0.51
0.501   0.49
0.501   0.51
0.51   0.499
0.51   0.501
0.49   0.498
0.49   0.502
0.498   0.49
0.498   0.51
0.502   0.49
0.502   0.51
0.51   0.498
0.51   0.502
0.491   0.495
0.491   0.505
0.495   0.491
0.495   0.509
0.505   0.491
0.505   0.509
0.509   0.495
0.509   0.505
0.49   0.497
0.49   0.503
0.497   0.49
0.497   0.51
0.503   0.49
0.503   0.51
0.51   0.497
0.51   0.503
0.492   0.493
0.492   0.507
0.493   0.492
0.493   0.508
0.507   0.492
0.507   0.508
0.508   0.493
0.508   0.507
0.49   0.496
0.49   0.504
0.496   0.49
0.496   0.51
0.504   0.49
0.504   0.51
0.51   0.496
0.51   0.504
0.491   0.494
0.491   0.506
0.494   0.491
0.494   0.509
0.506   0.491
0.506   0.509
0.509   0.494
0.509   0.506
0.489   0.5
0.5   0.489
0.5   0.511
0.511   0.5
0.489   0.499
0.489   0.501
0.499   0.489
0.499   0.511
0.501   0.489
0.501   0.511
0.511   0.499
0.511   0.501
0.489   0.498
0.489   0.502
0.49   0.495
0.49   0.505
0.495   0.49
0.495   0.51
0.498   0.489
0.498   0.511
0.502   0.489
0.502   0.511
0.505   0.49
0.505   0.51
0.51   0.495
0.51   0.505
0.511   0.498
0.511   0.502
0.492   0.492
0.492   0.508
0.508   0.492
0.508   0.508
0.489   0.497
0.489   0.503
0.491   0.493
0.491   0.507
0.493   0.491
0.493   0.509
0.497   0.489
0.497   0.511
0.503   0.489
0.503   0.511
0.507   0.491
0.507   0.509
0.509   0.493
0.509   0.507
0.511   0.497
0.511   0.503
0.49   0.494
0.49   0.506
0.494   0.49
0.494   0.51
0.506   0.49
0.506   0.51
0.51   0.494
0.51   0.506
0.489   0.496
0.489   0.504
0.496   0.489
0.496   0.511
0.504   0.489
0.504   0.511
0.511   0.496
0.511   0.504
0.488   0.5
0.5   0.488
0.5   0.512
0.512   0.5
0.488   0.499
0.488   0.501
0.499   0.488
0.499   0.512
0.501   0.488
0.501   0.512
0.512   0.499
0.512   0.501
0.491   0.492
0.491   0.508
0.492   0.491
0.492   0.509
0.508   0.491
0.508   0.509
0.509   0.492
0.509   0.508
0.489   0.495
0.489   0.505
0.495   0.489
0.495   0.511
0.505   0.489
0.505   0.511
0.511   0.495
0.511   0.505
0.488   0.498
0.488   0.502
0.498   0.488
0.498   0.512
0.502   0.488
0.502   0.512
0.512   0.498
0.512   0.502
0.49   0.493
0.49   0.507
0.493   0.49
0.493   0.51
0.507   0.49
0.507   0.51
0.51   0.493
0.51   0.507
0.488   0.497
0.488   0.503
0.497   0.488
0.497   0.512
0.503   0.488
0.503   0.512
0.512   0.497
0.512   0.503
0.489   0.494
0.489   0.506
0.494   0.489
0.494   0.511
0.506   0.489
0.506   0.511
0.511   0.494
0.511   0.506
0.488   0.496
0.488   0.504
0.496   0.488
0.496   0.512
0.504   0.488
0.504   0.512
0.512   0.496
0.512   0.504
0.491   0.491
0.491   0.509
0.509   0.491
0.509   0.509
0.49   0.492
0.49   0.508
0.492   0.49
0.492   0.51
0.508   0.49
0.508   0.51
0.51   0.492
0.51   0.508
0.488   0.495
0.488   0.505
0.495   0.488
0.495   0.512
0.505   0.488
0.505   0.512
0.512   0.495
0.512   0.505
0.487   0.5
0.5   0.487
0.5   0.513
0.513   0.5
0.487   0.499
0.487   0.501
0.489   0.493
0.489   0.507
0.493   0.489
0.493   0.511
0.499   0.487
0.499   0.513
0.501   0.487
0.501   0.513
0.507   0.489
0.507   0.511
0.511   0.493
0.511   0.507
0.513   0.499
0.513   0.501
0.487   0.498
0.487   0.502
0.498   0.487
0.498   0.513
0.502   0.487
0.502   0.513
0.513   0.498
0.513   0.502
0.487   0.497
0.487   0.503
0.497   0.487
0.497   0.513
0.503   0.487
0.503   0.513
0.513   0.497
0.513   0.503
0.488   0.494
0.488   0.506
0.494   0.488
0.494   0.512
0.506   0.488
0.506   0.512
0.512   0.494
0.512   0.506
0.49   0.491
0.49   0.509
0.491   0.49
0.491   0.51
0.509   0.49
0.509   0.51
0.51   0.491
0.51   0.509
0.489   0.492
0.489   0.508
0.492   0.489
0.492   0.511
0.508   0.489
0.508   0.511
0.511   0.492
0.511   0.508
0.487   0.496
0.487   0.504
0.496   0.487
0.496   0.513
0.504   0.487
0.504   0.513
0.513   0.496
0.513   0.504
0.488   0.493
0.488   0.507
0.493   0.488
0.493   0.512
0.507   0.488
0.507   0.512
0.512   0.493
0.512   0.507
0.487   0.495
0.487   0.505
0.495   0.487
0.495   0.513
0.505   0.487
0.505   0.513
0.513   0.495
0.513   0.505
0.486   0.5
0.5   0.486
0.5   0.514
0.514   0.5
0.486   0.499
0.486   0.501
0.499   0.486
0.499   0.514
0.501   0.486
0.501   0.514
0.514   0.499
0.514   0.501
0.486   0.498
0.486   0.502
0.49   0.49
0.49   0.51
0.498   0.486
0.498   0.514
0.502   0.486
0.502   0.514
0.51   0.49
0.51   0.51
0.514   0.498
0.514   0.502
0.489   0.491
0.489   0.509
0.491   0.489
0.491   0.511
0.509   0.489
0.509   0.511
0.511   0.491
0.511   0.509
0.486   0.497
0.486   0.503
0.487   0.494
0.487   0.506
0.494   0.487
0.494   0.513
0.497   0.486
0.497   0.514
0.503   0.486
0.503   0.514
0.506   0.487
0.506   0.513
0.513   0.494
0.513   0.506
0.514   0.497
0.514   0.503
0.488   0.492
0.488   0.508
0.492   0.488
0.492   0.512
0.508   0.488
0.508   0.512
0.512   0.492
0.512   0.508
0.486   0.496
0.486   0.504
0.496   0.486
0.496   0.514
0.504   0.486
0.504   0.514
0.514   0.496
0.514   0.504
0.487   0.493
0.487   0.507
0.493   0.487
0.493   0.513
0.507   0.487
0.507   0.513
0.513   0.493
0.513   0.507
0.486   0.495
0.486   0.505
0.489   0.49
0.489   0.51
0.49   0.489
0.49   0.511
0.495   0.486
0.495   0.514
0.505   0.486
0.505   0.514
0.51   0.489
0.51   0.511
0.511   0.49
0.511   0.51
0.514   0.495
0.514   0.505
0.488   0.491
0.488   0.509
0.491   0.488
0.491   0.512
0.509   0.488
0.509   0.512
0.512   0.491
0.512   0.509
0.485   0.5
0.5   0.485
0.5   0.515
0.515   0.5
0.485   0.499
0.485   0.501
0.499   0.485
0.499   0.515
0.501   0.485
0.501   0.515
0.515   0.499
0.515   0.501
0.485   0.498
0.485   0.502
0.498   0.485
0.498   0.515
0.502   0.485
0.502   0.515
0.515   0.498
0.515   0.502
0.486   0.494
0.486   0.506
0.494   0.486
0.494   0.514
0.506   0.486
0.506   0.514
0.514   0.494
0.514   0.506
0.487   0.492
0.487   0.508
0.492   0.487
0.492   0.513
0.508   0.487
0.508   0.513
0.513   0.492
0.513   0.508
0.485   0.497
0.485   0.503
0.497   0.485
0.497   0.515
0.503   0.485
0.503   0.515
0.515   0.497
0.515   0.503
0.485   0.496
0.485   0.504
0.496   0.485
0.496   0.515
0.504   0.485
0.504   0.515
0.515   0.496
0.515   0.504
0.489   0.489
0.489   0.511
0.511   0.489
0.511   0.511
0.488   0.49
0.488   0.51
0.49   0.488
0.49   0.512
0.51   0.488
0.51   0.512
0.512   0.49
0.512   0.51
0.486   0.493
0.486   0.507
0.493   0.486
0.493   0.514
0.507   0.486
0.507   0.514
0.514   0.493
0.514   0.507
0.485   0.495
0.485   0.505
0.487   0.491
0.487   0.509
0.491   0.487
0.491   0.513
0.495   0.485
0.495   0.515
0.505   0.485
0.505   0.515
0.509   0.487
0.509   0.513
0.513   0.491
0.513   0.509
0.515   0.495
0.515   0.505
0.484   0.5
0.5   0.484
0.5   0.516
0.516   0.5
0.484   0.499
0.484   0.501
0.499   0.484
0.499   0.516
0.501   0.484
0.501   0.516
0.516   0.499
0.516   0.501
0.484   0.498
0.484   0.502
0.486   0.492
0.486   0.508
0.492   0.486
0.492   0.514
0.498   0.484
0.498   0.516
0.502   0.484
0.502   0.516
0.508   0.486
0.508   0.514
0.514   0.492
0.514   0.508
0.516   0.498
0.516   0.502
0.485   0.494
0.485   0.506
0.494   0.485
0.494   0.515
0.506   0.485
0.506   0.515
0.515   0.494
0.515   0.506
0.484   0.497
0.484   0.503
0.488   0.489
0.488   0.511
0.489   0.488
0.489   0.512
0.497   0.484
0.497   0.516
0.503   0.484
0.503   0.516
0.511   0.488
0.511   0.512
0.512   0.489
0.512   0.511
0.516   0.497
0.516   0.503
0.487   0.49
0.487   0.51
0.49   0.487
0.49   0.513
0.51   0.487
0.51   0.513
0.513   0.49
0.513   0.51
0.484   0.496
0.484   0.504
0.496   0.484
0.496   0.516
0.504   0.484
0.504   0.516
0.516   0.496
0.516   0.504
0.485   0.493
0.485   0.507
0.493   0.485
0.493   0.515
0.507   0.485
0.507   0.515
0.515   0.493
0.515   0.507
0.486   0.491
0.486   0.509
0.491   0.486
0.491   0.514
0.509   0.486
0.509   0.514
0.514   0.491
0.514   0.509
0.484   0.495
0.484   0.505
0.495   0.484
0.495   0.516
0.505   0.484
0.505   0.516
0.516   0.495
0.516   0.505
0.488   0.488
0.488   0.512
0.512   0.488
0.512   0.512
0.483   0.5
0.485   0.492
0.485   0.508
0.492   0.485
0.492   0.515
0.5   0.483
0.5   0.517
0.508   0.485
0.508   0.515
0.515   0.492
0.515   0.508
0.517   0.5
0.483   0.499
0.483   0.501
0.487   0.489
0.487   0.511
0.489   0.487
0.489   0.513
0.499   0.483
0.499   0.517
0.501   0.483
0.501   0.517
0.511   0.487
0.511   0.513
0.513   0.489
0.513   0.511
0.517   0.499
0.517   0.501
0.484   0.494
0.484   0.506
0.494   0.484
0.494   0.516
0.506   0.484
0.506   0.516
0.516   0.494
0.516   0.506
0.483   0.498
0.483   0.502
0.498   0.483
0.498   0.517
0.502   0.483
0.502   0.517
0.517   0.498
0.517   0.502
0.486   0.49
0.486   0.51
0.49   0.486
0.49   0.514
0.51   0.486
0.51   0.514
0.514   0.49
0.514   0.51
0.483   0.497
0.483   0.503
0.497   0.483
0.497   0.517
0.503   0.483
0.503   0.517
0.517   0.497
0.517   0.503
0.483   0.496
0.483   0.504
0.496   0.483
0.496   0.517
0.504   0.483
0.504   0.517
0.517   0.496
0.517   0.504
0.484   0.493
0.484   0.507
0.493   0.484
0.493   0.516
0.507   0.484
0.507   0.516
0.516   0.493
0.516   0.507
0.485   0.491
0.485   0.509
0.491   0.485
0.491   0.515
0.509   0.485
0.509   0.515
0.515   0.491
0.515   0.509
0.487   0.488
0.487   0.512
0.488   0.487
0.488   0.513
0.512   0.487
0.512   0.513
0.513   0.488
0.513   0.512
0.483   0.495
0.483   0.505
0.495   0.483
0.495   0.517
0.505   0.483
0.505   0.517
0.517   0.495
0.517   0.505
0.486   0.489
0.486   0.511
0.489   0.486
0.489   0.514
0.511   0.486
0.511   0.514
0.514   0.489
0.514   0.511
0.484   0.492
0.484   0.508
0.492   0.484
