0 0 0.094383 -0.0332156 0.100241 -0.0572707 0.105964 0.0838257
0.002 0 0.094617 -0.0321935 0.100133 -0.0630479 0.105988 0.0835295
0.004 0 0.0948045 -0.0310429 0.100041 -0.0689538 0.105985 0.0832465
0.006 0 0.0949447 -0.0298823 0.0999666 -0.0748703 0.105955 0.0829764
0.008 0 0.0950418 -0.0288035 0.0999044 -0.0807058 0.1059 0.0827188
0.01 0 0.0951019 -0.027857 0.0998477 -0.0864099 0.105817 0.0824738
0.012 0 0.0951309 -0.0270601 0.09979 -0.0919658 0.105709 0.082241
0.014 0 0.0951332 -0.0264112 0.0997265 -0.0973756 0.105576 0.0820207
0.016 0 0.0951122 -0.0258996 0.0996534 -0.10265 0.105416 0.0818127
0.018 0 0.0950703 -0.0255119 0.0995681 -0.107804 0.105232 0.0816171
0.02 0 0.095009 -0.0252345 0.0994688 -0.11285 0.105022 0.0814342
0.022 0 0.0949296 -0.0250548 0.0993543 -0.117802 0.104788 0.0812639
0.024 0 0.0948327 -0.0249614 0.0992236 -0.122672 0.104529 0.0811065
0.026 0 0.0947191 -0.0249443 0.0990762 -0.12747 0.104246 0.080962
0.028 0 0.0945889 -0.0249949 0.0989115 -0.132205 0.103939 0.0808307
0.03 0 0.0944426 -0.0251056 0.0987293 -0.136886 0.103608 0.0807127
0.032 0 0.0942803 -0.0252698 0.0985294 -0.141518 0.103254 0.0806081
0.034 0 0.0941022 -0.0254815 0.0983118 -0.146109 0.102878 0.0805171
0.036 0 0.0939083 -0.0257355 0.0980762 -0.150664 0.102478 0.0804398
0.038 0 0.0936989 -0.0260272 0.0978228 -0.155188 0.102057 0.0803762
0.04 0 0.0934739 -0.0263525 0.0975516 -0.159684 0.101613 0.0803265
0.042 0 0.0932335 -0.0267074 0.0972626 -0.164158 0.101148 0.0802908
0.044 0 0.0929777 -0.0270886 0.0969559 -0.168613 0.100661 0.080269
0.046 0 0.0927067 -0.0274929 0.0966316 -0.173051 0.100154 0.0802613
0.048 0 0.0924206 -0.0279173 0.0962899 -0.177477 0.0996266 0.0802678
0.05 0 0.0921195 -0.0283592 0.0959308 -0.181892 0.0990788 0.0802886
0.052 0 0.0918035 -0.0288162 0.0955546 -0.186299 0.0985112 0.0803238
0.054 0 0.0914729 -0.029286 0.0951613 -0.190702 0.0979243 0.0803736
0.056 0 0.0911277 -0.0297666 0.0947512 -0.195101 0.0973182 0.0804384
0.058 0 0.0907683 -0.0302562 0.0943245 -0.199499 0.0966934 0.0805186
0.06 0 0.0903948 -0.0307533 0.0938813 -0.203898 0.0960503 0.0806147
0.062 0 0.0900075 -0.0312567 0.0934218 -0.2083 0.0953891 0.0807276
0.064 0 0.0896068 -0.0317652 0.0929464 -0.212706 0.0947101 0.0808582
0.066 0 0.0891928 -0.0322783 0.0924551 -0.217118 0.0940138 0.0810076
0.068 0 0.088766 -0.0327956 0.0919482 -0.221538 0.0933004 0.0811776
0.07 0 0.0883267 -0.0333171 0.091426 -0.225968 0.0925702 0.0813699
0.072 0 0.0878752 -0.0338434 0.0908887 -0.230408 0.0918236 0.0815869
0.074 0 0.0874119 -0.0343753 0.0903366 -0.23486 0.091061 0.0818313
0.076 0 0.0869371 -0.0349143 0.0897699 -0.239326 0.0902826 0.0821063
0.078 0 0.0864513 -0.0354623 0.089189 -0.243807 0.0894888 0.0824156
0.08 0 0.0859548 -0.0360217 0.088594 -0.248304 0.0886802 0.0827635
0.082 0 0.0854479 -0.0365953 0.087857 0.0831546 0.0879852 -0.252819
0.084 0 0.0849309 -0.0371867 0.0870197 0.0835943 0.0873631 -0.257352
0.086 0 0.0844041 -0.0377996 0.086169 0.0840882 0.0867278 -0.261905
0.088 0 0.0838678 -0.0384382 0.0853053 0.0846424 0.0860797 -0.266479
0.09 0 0.0833221 -0.0391069 0.0844293 0.0852634 0.0854191 -0.271076
0.092 0 0.0827672 -0.0398102 0.0835417 0.0859576 0.0847464 -0.275697
0.094 0 0.0822032 -0.0405527 0.0826433 0.0867316 0.0840617 -0.280342
0.096 0 0.0816302 -0.0413388 0.0817347 0.0875919 0.0833656 -0.285014
0.098 0 0.080817 0.0885447 0.0810481 -0.0421724 0.0826584 -0.289714
0.1 0 0.0798909 0.089596 0.0804569 -0.0430572 0.0819403 -0.294442
0.102 0 0.0789573 0.0907512 0.0798566 -0.0439964 0.0812118 -0.2992
0.104 0 0.0780171 0.0920152 0.0792473 -0.0449923 0.0804732 -0.30399
0.106 0 0.0770712 0.0933924 0.0786287 -0.0460471 0.0797249 -0.308813
0.108 0 0.0761205 0.0948868 0.078001 -0.0471619 0.0789673 -0.31367
0.11 0 0.0751658 0.0965019 0.0773641 -0.0483376 0.0782007 -0.318563
0.112 0 0.074208 0.0982408 0.076718 -0.0495746 0.0774256 -0.323493
0.114 0 0.0732477 0.100106 0.0760629 -0.0508727 0.0766423 -0.328462
0.116 0 0.0722858 0.102101 0.0753987 -0.0522317 0.0758513 -0.333471
0.118 0 0.0713228 0.104228 0.0747258 -0.053651 0.0750529 -0.338523
0.12 0 0.0703595 0.10649 0.0740442 -0.0551299 0.0742476 -0.343618
0.122 0 0.0693965 0.108889 0.0733542 -0.0566676 0.0734358 -0.348759
0.124 0 0.0684343 0.111427 0.0726178 -0.353947 0.0726561 -0.0582634
0.126 0 0.0674736 0.114108 0.0717942 -0.359185 0.07195 -0.0599164
0.128 0 0.0665147 0.116935 0.0709653 -0.364474 0.0712363 -0.0616259
0.13 0 0.0655583 0.119911 0.0701315 -0.369816 0.0705153 -0.0633913
0.132 0 0.0646047 0.123039 0.0692934 -0.375213 0.0697873 -0.0652118
0.134 0 0.0636545 0.126323 0.0684513 -0.380668 0.0690526 -0.067087
0.136 0 0.0627082 0.129767 0.0676057 -0.386182 0.0683117 -0.0690163
0.138 0 0.0617661 0.133375 0.066757 -0.391758 0.0675648 -0.0709994
0.14 0 0.0608286 0.137151 0.0659057 -0.397398 0.0668123 -0.073036
0.142 0 0.0598962 0.141099 0.0650521 -0.403105 0.0660546 -0.0751256
0.144 0 0.0589693 0.145224 0.0641968 -0.408881 0.065292 -0.0772683
0.146 0 0.0580483 0.149531 0.0633402 -0.414728 0.064525 -0.0794637
0.148 0 0.0571335 0.154024 0.0624827 -0.42065 0.0637538 -0.0817117
0.15 0 0.0562254 0.15871 0.0616248 -0.426647 0.0629789 -0.0840122
0.152 0 0.0553243 0.163592 0.0607668 -0.432725 0.0622005 -0.0863652
0.154 0 0.0544305 0.168676 0.0599093 -0.438884 0.0614191 -0.0887706
0.156 0 0.0535444 0.173967 0.0590527 -0.445128 0.060635 -0.0912284
0.158 0 0.0526664 0.179472 0.0581974 -0.451459 0.0598485 -0.0937387
0.16 0 0.0517968 0.185195 0.0573438 -0.45788 0.05906 -0.0963014
0.162 0 0.050936 0.191142 0.0564924 -0.464395 0.0582699 -0.0989166
0.164 0 0.0500842 0.197319 0.0556436 -0.471005 0.0574784 -0.101584
0.166 0 0.0492418 0.20373 0.0547977 -0.477714 0.0566858 -0.104305
0.168 0 0.0484091 0.210383 0.0539553 -0.484524 0.0558926 -0.107078
0.17 0 0.0475864 0.217282 0.0531167 -0.491439 0.055099 -0.109905
0.172 0 0.0467741 0.224433 0.0522823 -0.49846 0.0543052 -0.112784
0.174 0 0.0459724 0.231841 0.0514524 -0.505592 0.0535117 -0.115717
0.176 0 0.0451816 0.239512 0.0506276 -0.512836 0.0527186 -0.118704
0.178 0 0.0444021 0.24745 0.0498081 -0.520195 0.0519263 -0.121745
0.18 0 0.043634 0.255662 0.0489943 -0.527672 0.0511351 -0.124841
0.182 0 0.0428777 0.264151 0.0481865 -0.535269 0.0503451 -0.127991
0.184 0 0.0421334 0.272922 0.0473852 -0.542989 0.0495567 -0.131198
0.186 0 0.0414014 0.281981 0.0465905 -0.550835 0.0487702 -0.13446
0.188 0 0.040682 0.291329 0.045803 -0.558808 0.0479857 -0.13778
0.19 0 0.0399753 0.300972 0.0450227 -0.566911 0.0472035 -0.141157
0.192 0 0.0392817 0.310913 0.0442501 -0.575145 0.0464238 -0.144593
0.194 0 0.0386014 0.321154 0.0434854 -0.583514 0.0456469 -0.14809
0.196 0 0.0379345 0.331698 0.0427289 -0.592018 0.0448729 -0.151648
0.198 0 0.372813 0.342547 0.419809 -0.600659 0.441022 -0.155269
