0 0 0.119838 0.0561659 0.131919 -0.142914 0.174459 0.0691931
0.002 0 0.119679 0.0557279 0.132031 -0.148881 0.174701 0.0671092
0.004 0 0.119511 0.0552102 0.132118 -0.154787 0.174921 0.0650682
0.006 0 0.119334 0.0546194 0.132182 -0.160638 0.175117 0.0630684
0.008 0 0.119147 0.0539612 0.132221 -0.166437 0.175292 0.0611078
0.01 0 0.118951 0.0532409 0.132237 -0.172188 0.175443 0.0591847
0.012 0 0.118745 0.0524632 0.132229 -0.177895 0.175572 0.0572972
0.014 0 0.118529 0.0516323 0.132196 -0.183559 0.175678 0.0554438
0.016 0 0.118305 0.0507521 0.13214 -0.189184 0.175761 0.0536228
0.018 0 0.11807 0.0498263 0.13206 -0.194771 0.175821 0.0518326
0.02 0 0.117827 0.0488582 0.131956 -0.200322 0.175858 0.0500719
0.022 0 0.117575 0.0478509 0.131828 -0.205839 0.175873 0.048339
0.024 0 0.117313 0.0468073 0.131676 -0.211324 0.175864 0.0466327
0.026 0 0.117042 0.0457299 0.131501 -0.216777 0.175833 0.0449517
0.028 0 0.116763 0.0446215 0.131302 -0.222201 0.175779 0.0432945
0.03 0 0.116475 0.0434843 0.131079 -0.227595 0.175703 0.0416599
0.032 0 0.116178 0.0423205 0.130833 -0.232961 0.175603 0.0400468
0.034 0 0.115873 0.0411324 0.130563 -0.2383 0.175481 0.038454
0.036 0 0.115559 0.039922 0.13027 -0.243613 0.175337 0.0368804
0.038 0 0.115237 0.0386911 0.129953 -0.2489 0.17517 0.0353249
0.04 0 0.114908 0.0374418 0.129614 -0.254163 0.17498 0.0337864
0.042 0 0.11457 0.0361759 0.129252 -0.259401 0.174768 0.0322639
0.044 0 0.114225 0.034895 0.128866 -0.264615 0.174534 0.0307565
0.046 0 0.113873 0.033601 0.128458 -0.269807 0.174278 0.0292632
0.048 0 0.113513 0.0322954 0.128028 -0.274976 0.174 0.0277831
0.05 0 0.113147 0.03098 0.127575 -0.280123 0.173699 0.0263152
0.052 0 0.112774 0.0296564 0.1271 -0.285249 0.173377 0.0248588
0.054 0 0.112394 0.0283263 0.126602 -0.290354 0.173033 0.023413
0.056 0 0.112007 0.0269911 0.126083 -0.295439 0.172668 0.021977
0.058 0 0.111615 0.0256527 0.125543 -0.300504 0.172281 0.02055
0.06 0 0.111217 0.0243124 0.124981 -0.30555 0.171873 0.0191312
0.062 0 0.110813 0.0229721 0.124397 -0.310578 0.171444 0.0177198
0.064 0 0.110403 0.0216334 0.123793 -0.315587 0.170994 0.0163152
0.066 0 0.109989 0.0202978 0.123168 -0.320579 0.170523 0.0149165
0.068 0 0.10957 0.0189673 0.122522 -0.325554 0.170031 0.0135231
0.07 0 0.109146 0.0176434 0.121857 -0.330513 0.169519 0.0121343
0.072 0 0.108717 0.016328 0.121171 -0.335457 0.168986 0.0107493
0.074 0 0.108285 0.015023 0.120466 -0.340386 0.168434 0.00936754
0.076 0 0.107849 0.0137301 0.119741 -0.345301 0.167861 0.00798821
0.078 0 0.107409 0.0124515 0.118997 -0.350203 0.167269 0.00661068
0.08 0 0.106966 0.0111892 0.118235 -0.355094 0.166657 0.00523425
0.082 0 0.106519 0.00994516 0.117454 -0.359973 0.166026 0.00385822
0.084 0 0.10607 0.0087217 0.116655 -0.364842 0.165376 0.00248191
0.086 0 0.105619 0.00752108 0.115839 -0.369702 0.164706 0.00110459
0.088 0 0.105165 0.00634568 0.115005 -0.374555 0.164018 -0.000274438
0.09 0 0.10471 0.00519798 0.114154 -0.379401 0.163312 -0.00165592
0.092 0 0.104252 0.00408055 0.113287 -0.384242 0.162587 -0.00304061
0.094 0 0.103794 0.00299611 0.112403 -0.389079 0.161844 -0.00442927
0.096 0 0.103334 0.00194747 0.111504 -0.393914 0.161083 -0.0058227
0.098 0 0.102873 0.000937547 0.11059 -0.398748 0.160305 -0.00722173
0.1 0 0.102412 -3.05849e-05 0.10966 -0.403582 0.159509 -0.00862721
0.102 0 0.101951 -0.000953742 0.108717 -0.40842 0.158696 -0.0100401
0.104 0 0.101489 -0.00182861 0.107759 -0.413262 0.157865 -0.0114612
0.106 0 0.101027 -0.00265173 0.106788 -0.41811 0.157019 -0.0128916
0.108 0 0.100566 -0.00341953 0.105805 -0.422966 0.156155 -0.0143323
0.11 0 0.100106 -0.00412828 0.104809 -0.427833 0.155275 -0.0157845
0.112 0 0.0996461 -0.00477412 0.103801 -0.432711 0.154379 -0.0172492
0.114 0 0.0991875 -0.00535306 0.102782 -0.437605 0.153468 -0.0187278
0.116 0 0.0987302 -0.00586098 0.101752 -0.442514 0.15254 -0.0202216
0.118 0 0.0982743 -0.00629361 0.100712 -0.447443 0.151597 -0.0217319
0.12 0 0.0978201 -0.00664657 0.099663 -0.452392 0.150639 -0.0232603
0.122 0 0.0973677 -0.00691532 0.0986049 -0.457364 0.149666 -0.0248085
0.124 0 0.0969173 -0.00709521 0.0975386 -0.462362 0.148679 -0.0263782
0.126 0 0.0964647 -0.467387 0.0964691 -0.00718145 0.147676 -0.0279713
0.128 0 0.095384 -0.472442 0.0960231 -0.00716913 0.14666 -0.0295899
0.13 0 0.0942969 -0.477528 0.0955796 -0.00705319 0.145629 -0.0312362
0.132 0 0.0932043 -0.482649 0.0951387 -0.00682844 0.144585 -0.0329127
0.134 0 0.0921067 -0.487805 0.0947005 -0.00648954 0.143526 -0.0346219
0.136 0 0.0910048 -0.492999 0.094265 -0.006031 0.142455 -0.0363667
0.138 0 0.0898994 -0.498232 0.0938325 -0.00544717 0.14137 -0.0381503
0.14 0 0.0887911 -0.503507 0.093403 -0.0047322 0.140273 -0.0399761
0.142 0 0.0876805 -0.508825 0.0929766 -0.00388003 0.139163 -0.0418478
0.144 0 0.0865683 -0.514187 0.0925533 -0.0028844 0.13804 -0.0437695
0.146 0 0.0854552 -0.519595 0.0921333 -0.00173878 0.136906 -0.0457456
0.148 0 0.0843418 -0.525049 0.0917165 -0.000436343 0.13576 -0.0477811
0.15 0 0.0832287 -0.530552 0.0913031 0.00103005 0.134602 -0.0498811
0.152 0 0.0821166 -0.536104 0.090893 0.00266789 0.133434 -0.0520516
0.154 0 0.081006 -0.541706 0.0904862 0.00448507 0.132255 -0.0542988
0.156 0 0.0798976 -0.547358 0.0900827 0.00648992 0.131065 -0.0566297
0.158 0 0.078792 -0.553062 0.0896824 0.00869122 0.129867 -0.0590517
0.16 0 0.0776896 -0.558818 0.0892851 0.0110982 0.128659 -0.061573
0.162 0 0.076591 -0.564626 0.0888908 0.0137207 0.127443 -0.0642021
0.164 0 0.0754968 -0.570487 0.0884991 0.0165688 0.12622 -0.0669483
0.166 0 0.0744074 -0.576401 0.0881097 0.0196533 0.12499 -0.0698214
0.168 0 0.0733234 -0.582368 0.0877222 0.0229849 0.123755 -0.0728316
0.17 0 0.0722451 -0.588389 0.087336 0.0265749 0.122516 -0.0759892
0.172 0 0.071173 -0.594463 0.0869504 0.0304343 0.121274 -0.0793048
0.174 0 0.0701076 -0.60059 0.0865645 0.0345737 0.120031 -0.0827883
0.176 0 0.0690492 -0.606771 0.0861775 0.039003 0.118788 -0.0864493
0.178 0 0.0679982 -0.613006 0.085788 0.0437307 0.117548 -0.0902958
0.18 0 0.066955 -0.619294 0.0853948 0.0487636 0.116314 -0.0943342
0.182 0 0.0659199 -0.625636 0.0849965 0.0541059 0.115086 -0.0985685
0.184 0 0.0648933 -0.632031 0.0845916 0.0597589 0.113868 -0.103
0.186 0 0.0638754 -0.63848 0.0841784 0.0657202 0.112661 -0.107625
0.188 0 0.0628666 -0.644983 0.0837557 0.0719836 0.111469 -0.112438
0.19 0 0.0618671 -0.651539 0.0833219 0.0785392 0.110293 -0.11743
0.192 0 0.0608772 -0.65815 0.082876 0.0853734 0.109135 -0.122585
0.194 0 0.0598971 -0.664814 0.0824171 0.0924696 0.107996 -0.127888
0.196 0 0.058927 -0.671533 0.0819447 0.0998092 0.106877 -0.133319
0.198 0 0.40989 -0.678306 0.575999 0.107372 0.747963 -0.138859
