0 0 0.293686 -0.335288 0.295505 0.592201 0.431607 -0.158945
0.002 0 0.291996 -0.333884 0.295889 0.591867 0.432046 -0.164469
0.004 0 0.290256 -0.332465 0.296252 0.591571 0.432418 -0.170026
0.006 0 0.288467 -0.331031 0.296596 0.591316 0.432722 -0.175616
0.008 0 0.286634 -0.329585 0.296919 0.591101 0.432958 -0.181236
0.01 0 0.284756 -0.328129 0.29722 0.590926 0.433124 -0.186885
0.012 0 0.282837 -0.326664 0.297501 0.59079 0.43322 -0.192563
0.014 0 0.280879 -0.325192 0.297759 0.590693 0.433246 -0.198268
0.016 0 0.278884 -0.323714 0.297994 0.590635 0.433201 -0.204
0.018 0 0.276854 -0.32223 0.298206 0.590615 0.433085 -0.209758
0.02 0 0.27479 -0.320743 0.298394 0.590632 0.432896 -0.215542
0.022 0 0.272696 -0.319253 0.298558 0.590685 0.432635 -0.22135
0.024 0 0.270572 -0.317759 0.298698 0.590772 0.4323 -0.227183
0.026 0 0.268421 -0.316263 0.298812 0.590892 0.431893 -0.233039
0.028 0 0.266244 -0.314765 0.2989 0.591043 0.431412 -0.238919
0.03 0 0.264044 -0.313264 0.298962 0.591224 0.430857 -0.244823
0.032 0 0.261821 -0.311761 0.298997 0.591432 0.430228 -0.25075
0.034 0 0.259578 -0.310256 0.299005 0.591664 0.429525 -0.256701
0.036 0 0.257316 -0.308747 0.298986 0.591919 0.428747 -0.262674
0.038 0 0.255037 -0.307236 0.298938 0.592194 0.427896 -0.268671
0.04 0 0.252741 -0.30572 0.298861 0.592485 0.426971 -0.274691
0.042 0 0.25043 -0.304199 0.298756 0.592791 0.425972 -0.280734
0.044 0 0.248105 -0.302674 0.298621 0.593107 0.4249 -0.286799
0.046 0 0.245768 -0.301142 0.298456 0.59343 0.423754 -0.292888
0.048 0 0.243419 -0.299603 0.29826 0.593757 0.422536 -0.299
0.05 0 0.241059 -0.298056 0.298035 0.594084 0.421245 -0.305135
0.052 0 0.238689 -0.296501 0.297778 0.594408 0.419882 -0.311293
0.054 0 0.23631 -0.294936 0.29749 0.594723 0.418448 -0.317473
0.056 0 0.233924 -0.29336 0.297171 0.595027 0.416943 -0.323677
0.058 0 0.231529 -0.291773 0.29682 0.595314 0.415368 -0.329903
0.06 0 0.229128 -0.290173 0.296437 0.595582 0.413724 -0.336152
0.062 0 0.22672 -0.28856 0.296022 0.595824 0.412011 -0.342424
0.064 0 0.224306 -0.286933 0.295575 0.596038 0.41023 -0.348718
0.066 0 0.221887 -0.285291 0.295095 0.596217 0.408382 -0.355034
0.068 0 0.219463 -0.283635 0.294583 0.596359 0.406468 -0.361372
0.07 0 0.217034 -0.281963 0.294038 0.596457 0.404488 -0.367731
0.072 0 0.214601 -0.280275 0.293461 0.596508 0.402445 -0.374112
0.074 0 0.212164 -0.278571 0.292851 0.596507 0.400338 -0.380513
0.076 0 0.209724 -0.276853 0.292208 0.596449 0.398168 -0.386935
0.078 0 0.20728 -0.275119 0.291533 0.59633 0.395938 -0.393376
0.08 0 0.204833 -0.27337 0.290826 0.596146 0.393647 -0.399836
0.082 0 0.202384 -0.271609 0.290087 0.595891 0.391297 -0.406315
0.084 0 0.199932 -0.269836 0.289316 0.595562 0.388889 -0.412812
0.086 0 0.197478 -0.268053 0.288512 0.595154 0.386424 -0.419326
0.088 0 0.195022 -0.266262 0.287678 0.594664 0.383904 -0.425856
0.09 0 0.192565 -0.264467 0.286812 0.594087 0.381328 -0.432401
0.092 0 0.190107 -0.26267 0.285915 0.593419 0.378699 -0.438961
0.094 0 0.187648 -0.260876 0.284988 0.592658 0.376017 -0.445533
0.096 0 0.185189 -0.259089 0.284031 0.591799 0.373284 -0.452117
0.098 0 0.18273 -0.257313 0.283044 0.590841 0.370501 -0.458712
0.1 0 0.180272 -0.255556 0.282028 0.589779 0.367668 -0.465317
0.102 0 0.177815 -0.253825 0.280983 0.588612 0.364788 -0.471929
0.104 0 0.175361 -0.252125 0.27991 0.587337 0.36186 -0.478547
0.106 0 0.172909 -0.250468 0.278809 0.585953 0.358886 -0.485169
0.108 0 0.170462 -0.248861 0.277681 0.584458 0.355867 -0.491795
0.11 0 0.168019 -0.247317 0.276527 0.582851 0.352804 -0.498421
0.112 0 0.165582 -0.245846 0.275347 0.581132 0.349698 -0.505047
0.114 0 0.163152 -0.244462 0.274141 0.579301 0.346549 -0.511669
0.116 0 0.16073 -0.24318 0.27291 0.577357 0.343359 -0.518285
0.118 0 0.158319 -0.242015 0.271655 0.575302 0.340129 -0.524894
0.12 0 0.155919 -0.240985 0.270377 0.573137 0.336858 -0.531493
0.122 0 0.153532 -0.240108 0.269075 0.570863 0.333549 -0.538078
0.124 0 0.15116 -0.239405 0.26775 0.568484 0.330201 -0.544648
0.126 0 0.148805 -0.238899 0.266403 0.566002 0.326815 -0.551199
0.128 0 0.146469 -0.238613 0.265034 0.56342 0.323392 -0.557729
0.13 0 0.144155 -0.238572 0.263643 0.560743 0.319933 -0.564233
0.132 0 0.141866 -0.238804 0.262231 0.557975 0.316437 -0.570708
0.134 0 0.139603 -0.239339 0.260797 0.555121 0.312905 -0.577151
0.136 0 0.137371 -0.240208 0.259342 0.552186 0.309337 -0.583557
0.138 0 0.135172 -0.241444 0.257866 0.549177 0.305733 -0.589923
0.14 0 0.13301 -0.243082 0.256368 0.5461 0.302094 -0.596243
0.142 0 0.130889 -0.245159 0.254849 0.542962 0.298419 -0.602513
0.144 0 0.128812 -0.247714 0.253308 0.539771 0.294708 -0.608726
0.146 0 0.126783 -0.250788 0.251745 0.536534 0.290961 -0.614878
0.148 0 0.124808 -0.254424 0.250159 0.53326 0.287178 -0.620962
0.15 0 0.122891 -0.258665 0.24855 0.529957 0.283357 -0.626971
0.152 0 0.121037 -0.263559 0.246917 0.526634 0.279498 -0.632897
0.154 0 0.119252 -0.269152 0.24526 0.523301 0.2756 -0.638732
0.156 0 0.117541 -0.275493 0.243578 0.519967 0.271661 -0.644465
0.158 0 0.115912 -0.282633 0.24187 0.516642 0.26768 -0.650086
0.16 0 0.11437 -0.290621 0.240135 0.513338 0.263656 -0.655584
0.162 0 0.112923 -0.299511 0.238373 0.510065 0.259585 -0.660943
0.164 0 0.11158 -0.309354 0.236583 0.506834 0.255465 -0.666148
0.166 0 0.110349 -0.320202 0.234764 0.503657 0.251292 -0.671179
0.168 0 0.109239 -0.33211 0.232916 0.500547 0.247064 -0.676016
0.17 0 0.108261 -0.345132 0.231038 0.497517 0.242774 -0.680632
0.172 0 0.107427 -0.359321 0.229129 0.494581 0.238418 -0.684995
0.174 0 0.106749 -0.374734 0.227189 0.491754 0.233988 -0.689068
0.176 0 0.106243 -0.39143 0.225218 0.48905 0.229476 -0.692802
0.178 0 0.105926 -0.409476 0.223216 0.486488 0.224871 -0.696138
0.18 0 0.105817 -0.428944 0.220162 -0.698999 0.221184 0.484083
0.182 0 0.105938 -0.449927 0.215332 -0.701283 0.219121 0.481854
0.184 0 0.106318 -0.472542 0.21036 -0.702851 0.217029 0.479823
0.186 0 0.106991 -0.496956 0.205222 -0.70351 0.214908 0.478009
0.188 0 0.107999 -0.523418 0.199885 -0.702972 0.212761 0.476435
0.19 0 0.109397 -0.552324 0.194305 -0.700792 0.210589 0.475125
0.192 0 0.111255 -0.58436 0.188429 -0.696231 0.208395 0.474102
0.194 0 0.113659 -0.620801 0.182204 -0.687949 0.206182 0.473394
0.196 0 0.116671 -0.664217 0.175643 -0.673304 0.203954 0.473024
0.198 0 0.379668 -0.719502 0.535012 -0.647326 0.63788 0.47302
