0 0 0 0 0.779059 -0.00657415
0 0 0 1 0.940308 -0.0385813
0 0 0 2 1.27689 0.00397623
1 0.01 0 0 0.768071 -0.0691871
1 0.01 0 1 0.973028 0.0358786
1 0.01 0 2 1.25675 -0.0151494
2 0.02 0 0 0.667354 0.0748381
2 0.02 0 1 0.962111 -0.0497719
2 0.02 0 2 1.3703 -0.0321529
3 0.03 0 0 0.808409 0.120093
3 0.03 0 1 0.989447 -0.0889463
3 0.03 0 2 1.20875 -0.0352907
4 0.04 0 0 0.821065 -0.108757
4 0.04 0 1 0.958466 0.139783
4 0.04 0 2 1.23322 -0.074982
5 0.05 0 0 0.790755 0.0293117
5 0.05 0 1 1.05847 -0.00759943
5 0.05 0 2 1.14723 -0.0388947
6 0.06 0 0 0.921401 0.0218466
6 0.06 0 1 0.927862 -0.156171
6 0.06 0 2 1.15974 0.0676967
7 0.07 0 0 0.790121 0.0240946
7 0.07 0 1 1.01877 -0.0760167
7 0.07 0 2 1.19025 0.010344
8 0.08 0 0 0.813961 0.136893
8 0.08 0 1 1.03019 0.0761871
8 0.08 0 2 1.18109 -0.181062
9 0.09 0 0 0.766445 0.115367
9 0.09 0 1 1.01182 -0.0418186
9 0.09 0 2 1.22511 -0.0616384
10 0.1 0 0 0.736986 -0.0354833
10 0.1 0 1 1.02918 0.01932
10 0.1 0 2 1.2297 -0.0256449
11 0.11 0 0 0.792884 -0.0775528
11 0.11 0 1 1.01108 0.0396442
11 0.11 0 2 1.19438 -0.00928745
12 0.12 0 0 0.881278 -0.0209196
12 0.12 0 1 0.976715 0.0454793
12 0.12 0 2 1.13959 -0.0556953
13 0.13 0 0 0.789192 0.0736514
13 0.13 0 1 1.08019 -0.116538
13 0.13 0 2 1.13527 0.0414218
14 0.14 0 0 0.836286 0.0765296
14 0.14 0 1 0.93963 -0.091209
14 0.14 0 2 1.22605 -0.0119019
15 0.15 0 0 0.787827 0.0374846
15 0.15 0 1 1.00823 0.0288804
15 0.15 0 2 1.20179 -0.0622898
16 0.16 0 0 0.830193 0.0183661
16 0.16 0 1 1.02165 0.016616
16 0.16 0 2 1.145 -0.0496912
17 0.17 0 0 0.802053 -0.0122923
17 0.17 0 1 1.06025 0.061255
17 0.17 0 2 1.13568 -0.0613605
18 0.18 0 0 0.815538 0.121473
18 0.18 0 1 0.980986 -0.0751692
18 0.18 0 2 1.20934 -0.0453402
19 0.19 0 0 0.782369 -0.0508695
19 0.19 0 1 1.03718 -0.0862233
19 0.19 0 2 1.1854 0.087678
20 0.2 0 0 0.778174 0.0346185
20 0.2 0 1 1.01365 -0.0471389
20 0.2 0 2 1.20338 -0.012683
21 0.21 0 0 0.724824 -0.112129
21 0.21 0 1 0.99307 0.0197076
21 0.21 0 2 1.28175 0.0121726
22 0.22 0 0 0.775929 0.073485
22 0.22 0 1 0.986538 -0.0174638
22 0.22 0 2 1.23643 -0.0554977
23 0.23 0 0 0.866779 -0.0152266
23 0.23 0 1 1.00899 0.0114615
23 0.23 0 2 1.12073 -0.034605
24 0.24 0 0 0.77404 -0.0474783
24 0.24 0 1 0.994874 0.0159461
24 0.24 0 2 1.22759 -0.0175978
25 0.25 0 0 0.69918 0.029378
25 0.25 0 1 1.05188 -0.0266896
25 0.25 0 2 1.24501 -0.0212247
26 0.26 0 0 0.877178 0.0548297
26 0.26 0 1 0.913058 -0.116154
26 0.26 0 2 1.21265 0.0244397
27 0.27 0 0 0.725137 0.10299
27 0.27 0 1 1.07287 -0.00508025
27 0.27 0 2 1.20511 -0.0775884
28 0.28 0 0 0.894864 -0.0810776
28 0.28 0 1 1.00294 -0.0616075
28 0.28 0 2 1.10543 0.0817135
29 0.29 0 0 0.875344 -0.0235287
29 0.29 0 1 0.925561 0.0730229
29 0.29 0 2 1.19919 -0.0682146
30 0.3 0 0 0.924153 0.00496426
30 0.3 0 1 0.949292 -0.0508552
30 0.3 0 2 1.12311 0.0265164
31 0.31 0 0 0.880977 -0.172877
31 0.31 0 1 0.935567 0.0387064
31 0.31 0 2 1.1952 0.0647565
32 0.32 0 0 0.858921 0.0962427
32 0.32 0 1 1.06563 -0.212812
32 0.32 0 2 1.10436 0.104109
33 0.33 0 0 0.833379 0.0293387
33 0.33 0 1 0.979764 0.0444172
33 0.33 0 2 1.18866 -0.0946794
34 0.34 0 0 0.927981 -0.0561308
34 0.34 0 1 1.01642 0.0711834
34 0.34 0 2 1.0562 -0.0593936
35 0.35 0 0 0.89662 -0.153225
35 0.35 0 1 1.02448 0.0696515
35 0.35 0 2 1.08804 0.0389259
36 0.36 0 0 0.837064 -0.164139
36 0.36 0 1 0.968542 0.0723184
36 0.36 0 2 1.2033 0.0215284
37 0.37 0 0 0.750477 0.0971656
37 0.37 0 1 1.01646 -0.140966
37 0.37 0 2 1.24057 0.0200642
38 0.38 0 0 0.800803 -0.154032
38 0.38 0 1 0.966819 -0.00990494
38 0.38 0 2 1.24112 0.0793197
39 0.39 0 0 0.751579 0.0924139
39 0.39 0 1 1.04619 0.0133708
39 0.39 0 2 1.20526 -0.0945506
40 0.4 0 0 0.929286 -0.141422
40 0.4 0 1 0.98537 -0.0152267
40 0.4 0 2 1.09406 0.0968807
41 0.41 0 0 0.899213 -0.0059494
41 0.41 0 1 0.977804 -0.118717
41 0.41 0 2 1.12863 0.0800029
42 0.42 0 0 0.813232 0.000708866
42 0.42 0 1 1.02282 0.0370882
42 0.42 0 2 1.16189 -0.0479946
43 0.43 0 0 0.86965 0.0592671
43 0.43 0 1 1.01694 -0.0914333
43 0.43 0 2 1.11242 0.00425697
44 0.44 0 0 0.827454 -0.0916211
44 0.44 0 1 0.979207 0.0474959
44 0.44 0 2 1.19303 -0.0041398
45 0.45 0 0 0.808092 -0.0263284
45 0.45 0 1 1.01815 -0.0569812
45 0.45 0 2 1.17131 0.0293278
46 0.46 0 0 0.885918 -0.0190857
46 0.46 0 1 0.997954 0.0601142
46 0.46 0 2 1.11663 -0.0783043
47 0.47 0 0 0.775747 -0.0995927
47 0.47 0 1 1.07569 0.0638842
47 0.47 0 2 1.14991 -0.0234691
48 0.48 0 0 0.865904 0.0308719
48 0.48 0 1 0.950903 -0.0656983
48 0.48 0 2 1.18081 -0.0109643
49 0.49 0 0 0.850051 -0.0685073
49 0.49 0 1 0.89526 0.0223744
49 0.49 0 2 1.25228 0.00578695
50 0.5 0 0 0.845826 -0.253231
50 0.5 0 1 0.976562 -0.0490549
50 0.5 0 2 1.18347 -0.189223
51 0.5 0.01 0 0.831393 -0.0816887
51 0.5 0.01 1 0.997842 -0.157024
51 0.5 0.01 2 1.17033 -0.213958
52 0.5 0.02 0 0.822392 -0.10943
52 0.5 0.02 1 1.01883 -0.28659
52 0.5 0.02 2 1.16727 -0.0794262
53 0.5 0.03 0 0.92953 -0.269811
53 0.5 0.03 1 0.939314 -0.0219813
53 0.5 0.03 2 1.14193 -0.190886
54 0.5 0.04 0 0.903059 -0.314442
54 0.5 0.04 1 0.938497 -0.069191
54 0.5 0.04 2 1.16905 -0.115009
55 0.5 0.05 0 0.870501 -0.138424
55 0.5 0.05 1 0.950724 -0.208044
55 0.5 0.05 2 1.17511 -0.147883
56 0.5 0.06 0 0.832717 -0.229035
56 0.5 0.06 1 0.972767 -0.126512
56 0.5 0.06 2 1.19196 -0.15294
57 0.5 0.07 0 0.82879 -0.232451
57 0.5 0.07 1 1.08091 -0.237476
57 0.5 0.07 2 1.09567 -0.0480213
58 0.5 0.08 0 0.797027 -0.240297
58 0.5 0.08 1 0.975792 -0.121284
58 0.5 0.08 2 1.22706 -0.128984
59 0.5 0.09 0 0.802504 -0.117953
59 0.5 0.09 1 0.998006 -0.30904
59 0.5 0.09 2 1.21048 -0.0798128
60 0.5 0.1 0 0.807177 -0.135745
60 0.5 0.1 1 0.93441 -0.284508
60 0.5 0.1 2 1.26123 -0.0964075
61 0.5 0.11 0 0.889385 -0.177558
61 0.5 0.11 1 1.02364 -0.112472
61 0.5 0.11 2 1.08377 -0.193509
62 0.5 0.12 0 0.808862 -0.242659
62 0.5 0.12 1 1.08611 -0.252831
62 0.5 0.12 2 1.11803 -0.0161304
63 0.5 0.13 0 0.80176 -0.229113
63 0.5 0.13 1 1.01493 -0.0656965
63 0.5 0.13 2 1.18608 -0.203795
64 0.5 0.14 0 0.803509 -0.172185
64 0.5 0.14 1 1.04128 -0.204028
64 0.5 0.14 2 1.15347 -0.108309
65 0.5 0.15 0 0.910945 -0.132847
65 0.5 0.15 1 0.919201 -0.196151
65 0.5 0.15 2 1.16681 -0.145953
66 0.5 0.16 0 0.760067 -0.275753
66 0.5 0.16 1 1.05228 -0.0818245
66 0.5 0.16 2 1.19095 -0.161383
67 0.5 0.17 0 0.798622 -0.221067
67 0.5 0.17 1 1.09021 -0.261228
67 0.5 0.17 2 1.1231 -0.0238233
68 0.5 0.18 0 0.763512 -0.225266
68 0.5 0.18 1 1.07015 -0.0854135
68 0.5 0.18 2 1.1679 -0.207096
69 0.5 0.19 0 0.890319 -0.283407
69 0.5 0.19 1 0.986004 -0.0426561
69 0.5 0.19 2 1.13279 -0.170133
70 0.5 0.2 0 0.763848 -0.156297
70 0.5 0.2 1 1.09045 -0.214019
70 0.5 0.2 2 1.14439 -0.112908
71 0.5 0.21 0 0.800999 -0.108838
71 0.5 0.21 1 1.0858 -0.127205
71 0.5 0.21 2 1.1141 -0.231788
72 0.5 0.22 0 0.729756 -0.131094
72 0.5 0.22 1 1.06981 -0.137892
72 0.5 0.22 2 1.19705 -0.207964
73 0.5 0.23 0 0.778151 -0.123294
73 0.5 0.23 1 1.05634 -0.180091
73 0.5 0.23 2 1.16215 -0.180005
74 0.5 0.24 0 0.787345 -0.0980664
74 0.5 0.24 1 0.928748 -0.154077
74 0.5 0.24 2 1.28054 -0.201794
75 0.5 0.25 0 0.817619 -0.141416
75 0.5 0.25 1 1.01759 -0.289676
75 0.5 0.25 2 1.17467 -0.0612185
76 0.5 0.26 0 0.679804 -0.124309
76 0.5 0.26 1 1.10929 -0.104166
76 0.5 0.26 2 1.20886 -0.223079
77 0.5 0.27 0 0.813646 -0.160951
77 0.5 0.27 1 0.97578 -0.198924
77 0.5 0.27 2 1.20623 -0.135423
78 0.5 0.28 0 0.937232 -0.0171312
78 0.5 0.28 1 0.975409 -0.233134
78 0.5 0.28 2 1.09741 -0.226097
79 0.5 0.29 0 0.824284 -0.145871
79 0.5 0.29 1 0.985932 -0.0723672
79 0.5 0.29 2 1.1917 -0.242654
80 0.5 0.3 0 0.811448 -0.164981
80 0.5 0.3 1 1.01192 -0.103724
80 0.5 0.3 2 1.1762 -0.226013
81 0.5 0.31 0 0.853511 -0.0490178
81 0.5 0.31 1 0.951967 -0.213337
81 0.5 0.31 2 1.19758 -0.195984
82 0.5 0.32 0 0.867702 -0.0608777
82 0.5 0.32 1 0.987663 -0.286126
82 0.5 0.32 2 1.15277 -0.135554
83 0.5 0.33 0 0.90232 -0.115956
83 0.5 0.33 1 0.981081 -0.291506
83 0.5 0.33 2 1.12521 -0.0819176
84 0.5 0.34 0 0.823171 -0.213564
84 0.5 0.34 1 1.04549 -0.0350155
84 0.5 0.34 2 1.14252 -0.257072
85 0.5 0.35 0 0.756843 -0.0516777
85 0.5 0.35 1 1.02521 -0.144479
85 0.5 0.35 2 1.22307 -0.256337
86 0.5 0.36 0 0.942948 -0.0308949
86 0.5 0.36 1 0.962282 -0.182331
86 0.5 0.36 2 1.10248 -0.248505
87 0.5 0.37 0 0.796589 -0.345991
87 0.5 0.37 1 1.01889 -0.176962
87 0.5 0.37 2 1.2039 -0.0325296
88 0.5 0.38 0 0.817465 -0.226608
88 0.5 0.38 1 0.976239 -0.162807
88 0.5 0.38 2 1.20504 -0.110498
89 0.5 0.39 0 0.886122 -0.0230739
89 0.5 0.39 1 1.01573 -0.219958
89 0.5 0.39 2 1.10615 -0.221844
90 0.5 0.4 0 0.816392 -0.139771
90 0.5 0.4 1 1.02697 -0.122068
90 0.5 0.4 2 1.15177 -0.21241
91 0.5 0.41 0 0.831142 -0.0441175
91 0.5 0.41 1 1.00824 -0.146967
91 0.5 0.41 2 1.16574 -0.254546
92 0.5 0.42 0 0.774826 -0.138573
92 0.5 0.42 1 0.961187 -0.132823
92 0.5 0.42 2 1.26211 -0.20751
93 0.5 0.43 0 0.720246 -0.228602
93 0.5 0.43 1 1.02253 -0.136957
93 0.5 0.43 2 1.25255 -0.146441
94 0.5 0.44 0 0.937039 -0.203449
94 0.5 0.44 1 0.984812 -0.0404835
94 0.5 0.44 2 1.08474 -0.23082
95 0.5 0.45 0 0.88273 -0.138893
95 0.5 0.45 1 0.953944 -0.132639
95 0.5 0.45 2 1.15962 -0.19815
96 0.5 0.46 0 0.875183 -0.185315
96 0.5 0.46 1 0.965765 -0.0341996
96 0.5 0.46 2 1.16858 -0.258259
97 0.5 0.47 0 0.826266 0.00777351
97 0.5 0.47 1 0.975117 -0.225838
97 0.5 0.47 2 1.20953 -0.226479
98 0.5 0.48 0 0.760686 -0.170368
98 0.5 0.48 1 1.03357 -0.123554
98 0.5 0.48 2 1.20306 -0.197531
99 0.5 0.49 0 0.832143 -0.056335
99 0.5 0.49 1 1.01265 -0.20128
99 0.5 0.49 2 1.15736 -0.21613
100 0.5 0.5 0 0.814624 -0.179014
100 0.5 0.5 1 0.941605 -0.174833
100 0.5 0.5 2 1.2405 -0.140195
101 0.5 0.51 0 0.872299 -0.193854
101 0.5 0.51 1 0.957967 -0.139525
101 0.5 0.51 2 1.16609 -0.150682
102 0.5 0.52 0 0.792796 -0.218467
102 0.5 0.52 1 1.00883 -0.115452
102 0.5 0.52 2 1.1953 -0.156488
103 0.5 0.53 0 0.919926 -0.0794617
103 0.5 0.53 1 1.01888 -0.229231
103 0.5 0.53 2 1.06179 -0.180023
104 0.5 0.54 0 0.755151 -0.235469
104 0.5 0.54 1 1.07067 -0.219275
104 0.5 0.54 2 1.1802 -0.0519939
105 0.5 0.55 0 0.84628 -0.114757
105 0.5 0.55 1 0.996091 -0.196153
105 0.5 0.55 2 1.15378 -0.173231
106 0.5 0.56 0 0.797843 -0.233253
106 0.5 0.56 1 1.02972 -0.19071
106 0.5 0.56 2 1.17255 -0.0912147
107 0.5 0.57 0 0.893671 -0.119148
107 0.5 0.57 1 0.925524 -0.235781
107 0.5 0.57 2 1.1801 -0.128479
108 0.5 0.58 0 0.827754 -0.194022
108 0.5 0.58 1 1.07391 -0.198967
108 0.5 0.58 2 1.09447 -0.0957554
109 0.5 0.59 0 0.799373 -0.100862
109 0.5 0.59 1 1.0231 -0.205757
109 0.5 0.59 2 1.17499 -0.177252
110 0.5 0.6 0 0.84843 -0.161797
110 0.5 0.6 1 0.883607 -0.244714
110 0.5 0.6 2 1.26879 -0.107533
111 0.5 0.61 0 0.90707 -0.170631
111 0.5 0.61 1 0.980438 -0.0539861
111 0.5 0.61 2 1.11892 -0.252571
112 0.5 0.62 0 0.846453 -0.0921267
112 0.5 0.62 1 0.993948 -0.237834
112 0.5 0.62 2 1.1605 -0.163553
113 0.5 0.63 0 0.759005 -0.116386
113 0.5 0.63 1 1.06095 -0.11329
113 0.5 0.63 2 1.18056 -0.235758
114 0.5 0.64 0 0.793264 -0.232114
114 0.5 0.64 1 1.02121 -0.208431
114 0.5 0.64 2 1.1879 -0.0798961
115 0.5 0.65 0 0.787236 -0.27773
115 0.5 0.65 1 0.995666 -0.0745162
115 0.5 0.65 2 1.22165 -0.173086
116 0.5 0.66 0 0.816676 -0.279326
116 0.5 0.66 1 0.989153 -0.0651421
116 0.5 0.66 2 1.20048 -0.169458
117 0.5 0.67 0 0.78837 -0.227236
117 0.5 0.67 1 0.98613 -0.13411
117 0.5 0.67 2 1.22329 -0.143248
118 0.5 0.68 0 0.785237 -0.126352
118 0.5 0.68 1 1.09729 -0.209381
118 0.5 0.68 2 1.11415 -0.148253
119 0.5 0.69 0 0.884669 -0.192498
119 0.5 0.69 1 0.989753 -0.18536
119 0.5 0.69 2 1.12215 -0.129299
120 0.5 0.7 0 0.815361 -0.0300364
120 0.5 0.7 1 1.05592 -0.130359
120 0.5 0.7 2 1.13926 -0.27887
121 0.5 0.71 0 0.88629 -0.242349
121 0.5 0.71 1 0.977731 -0.168642
121 0.5 0.71 2 1.13652 -0.0903518
122 0.5 0.72 0 0.792066 -0.297524
122 0.5 0.72 1 1.03082 -0.066962
122 0.5 0.72 2 1.1835 -0.151199
123 0.5 0.73 0 0.809785 -0.173053
123 0.5 0.73 1 1.06615 -0.258253
123 0.5 0.73 2 1.12983 -0.0559774
124 0.5 0.74 0 0.781268 -0.193605
124 0.5 0.74 1 1.03184 -0.20203
124 0.5 0.74 2 1.18534 -0.109069
125 0.5 0.75 0 0.807579 -0.109684
125 0.5 0.75 1 1.00255 -0.1719
125 0.5 0.75 2 1.18709 -0.188386
126 0.5 0.76 0 0.823046 -0.183334
126 0.5 0.76 1 0.990055 -0.122429
126 0.5 0.76 2 1.18268 -0.167168
127 0.5 0.77 0 0.923528 -0.294448
127 0.5 0.77 1 0.964248 -0.13251
127 0.5 0.77 2 1.11971 -0.0783759
128 0.5 0.78 0 0.82142 -0.0372164
128 0.5 0.78 1 0.992226 -0.295422
128 0.5 0.78 2 1.19593 -0.124495
129 0.5 0.79 0 0.824574 -0.0688639
129 0.5 0.79 1 0.957964 -0.213896
129 0.5 0.79 2 1.21851 -0.18415
130 0.5 0.8 0 0.850368 -0.292971
130 0.5 0.8 1 0.943338 -0.212363
130 0.5 0.8 2 1.2028 -0.251707
131 0.49 0.8 0 0.779885 -0.241358
131 0.49 0.8 1 0.981349 -0.276418
131 0.49 0.8 2 1.23559 -0.230481
132 0.48 0.8 0 0.828047 -0.302067
132 0.48 0.8 1 1.04443 -0.24344
132 0.48 0.8 2 1.12407 -0.223737
133 0.47 0.8 0 0.826198 -0.259513
133 0.47 0.8 1 0.971906 -0.196364
133 0.47 0.8 2 1.2001 -0.29588
134 0.46 0.8 0 0.753653 -0.272295
134 0.46 0.8 1 0.960395 -0.19412
134 0.46 0.8 2 1.28379 -0.277889
135 0.45 0.8 0 0.828687 -0.267804
135 0.45 0.8 1 1.04375 -0.235786
135 0.45 0.8 2 1.12376 -0.23962
136 0.44 0.8 0 0.801498 -0.196825
136 0.44 0.8 1 1.04663 -0.379384
136 0.44 0.8 2 1.15991 -0.172951
137 0.43 0.8 0 0.783413 -0.240909
137 0.43 0.8 1 1.04399 -0.223296
137 0.43 0.8 2 1.16803 -0.288635
138 0.42 0.8 0 0.889933 -0.371615
138 0.42 0.8 1 0.937984 -0.269465
138 0.42 0.8 2 1.18026 -0.14504
139 0.41 0.8 0 0.877867 -0.387458
139 0.41 0.8 1 1.00721 -0.235238
139 0.41 0.8 2 1.12465 -0.147373
140 0.4 0.8 0 0.764238 -0.264524
140 0.4 0.8 1 1.08258 -0.312915
140 0.4 0.8 2 1.15217 -0.191944
141 0.39 0.8 0 0.794036 -0.192406
141 0.39 0.8 1 1.04592 -0.255033
141 0.39 0.8 2 1.15671 -0.290539
142 0.38 0.8 0 0.864838 -0.280436
142 0.38 0.8 1 0.987369 -0.0369496
142 0.38 0.8 2 1.17745 -0.395214
143 0.37 0.8 0 0.775219 -0.239177
143 0.37 0.8 1 1.07583 -0.266701
143 0.37 0.8 2 1.14318 -0.233122
144 0.36 0.8 0 0.80389 -0.30361
144 0.36 0.8 1 0.978022 -0.257553
144 0.36 0.8 2 1.21436 -0.205675
145 0.35 0.8 0 0.731007 -0.196833
145 0.35 0.8 1 1.09185 -0.361779
145 0.35 0.8 2 1.18339 -0.174032
146 0.34 0.8 0 0.774441 -0.305802
146 0.34 0.8 1 1.10667 -0.280351
146 0.34 0.8 2 1.1193 -0.176867
147 0.33 0.8 0 0.834738 -0.250283
147 0.33 0.8 1 1.06805 -0.345137
147 0.33 0.8 2 1.10247 -0.159525
148 0.32 0.8 0 0.784634 -0.269102
148 0.32 0.8 1 1.05887 -0.302295
148 0.32 0.8 2 1.15611 -0.178562
149 0.31 0.8 0 0.839543 -0.190318
149 0.31 0.8 1 1.00903 -0.27813
149 0.31 0.8 2 1.14939 -0.273959
150 0.3 0.8 0 0.833887 -0.316953
150 0.3 0.8 1 1.07312 -0.1526
150 0.3 0.8 2 1.09613 -0.281582
151 0.29 0.8 0 0.852495 -0.326254
151 0.29 0.8 1 0.999225 -0.181428
151 0.29 0.8 2 1.14846 -0.257616
152 0.28 0.8 0 0.728152 -0.195252
152 0.28 0.8 1 1.07313 -0.251123
152 0.28 0.8 2 1.19509 -0.281768
153 0.27 0.8 0 0.827753 -0.361251
153 0.27 0.8 1 1.03077 -0.275617
153 0.27 0.8 2 1.14936 -0.137281
154 0.26 0.8 0 0.798761 -0.185502
154 0.26 0.8 1 0.971591 -0.183803
154 0.26 0.8 2 1.23342 -0.343079
155 0.25 0.8 0 0.839311 -0.291329
155 0.25 0.8 1 0.959679 -0.154626
155 0.25 0.8 2 1.20288 -0.289796
156 0.24 0.8 0 0.753207 -0.268707
156 0.24 0.8 1 1.09972 -0.305154
156 0.24 0.8 2 1.14809 -0.179175
157 0.23 0.8 0 0.874303 -0.291797
157 0.23 0.8 1 0.973183 -0.190814
157 0.23 0.8 2 1.15006 -0.270669
158 0.22 0.8 0 0.935845 -0.171183
158 0.22 0.8 1 0.989964 -0.289282
158 0.22 0.8 2 1.07421 -0.281854
159 0.21 0.8 0 0.917559 -0.413789
159 0.21 0.8 1 1.00548 -0.227866
159 0.21 0.8 2 1.09126 -0.138831
160 0.2 0.8 0 0.810103 -0.335092
160 0.2 0.8 1 1.00191 -0.143914
160 0.2 0.8 2 1.19204 -0.266713
161 0.19 0.8 0 0.906311 -0.409234
161 0.19 0.8 1 0.937372 -0.154617
161 0.19 0.8 2 1.16838 -0.217729
162 0.18 0.8 0 0.803647 -0.237847
162 0.18 0.8 1 0.946739 -0.267307
162 0.18 0.8 2 1.24588 -0.241545
163 0.17 0.8 0 0.890514 -0.141126
163 0.17 0.8 1 0.971033 -0.378723
163 0.17 0.8 2 1.14694 -0.237036
164 0.16 0.8 0 0.830144 -0.171328
164 0.16 0.8 1 0.973818 -0.280757
164 0.16 0.8 2 1.1946 -0.275762
165 0.15 0.8 0 0.860101 -0.317931
165 0.15 0.8 1 0.933189 -0.160428
165 0.15 0.8 2 1.20847 -0.264009
166 0.14 0.8 0 0.880898 -0.259151
166 0.14 0.8 1 1.00247 -0.329387
166 0.14 0.8 2 1.11857 -0.171919
167 0.13 0.8 0 0.799837 -0.175977
167 0.13 0.8 1 1.03233 -0.236821
167 0.13 0.8 2 1.16761 -0.318683
168 0.12 0.8 0 0.815827 -0.295475
168 0.12 0.8 1 0.997667 -0.246316
168 0.12 0.8 2 1.18253 -0.223363
169 0.11 0.8 0 0.765597 -0.162041
169 0.11 0.8 1 1.01624 -0.263214
169 0.11 0.8 2 1.21666 -0.291327
170 0.1 0.8 0 0.930308 -0.374061
170 0.1 0.8 1 1.02233 -0.113415
170 0.1 0.8 2 1.06005 -0.278519
171 0.09 0.8 0 0.770432 -0.240859
171 0.09 0.8 1 0.979229 -0.193239
171 0.09 0.8 2 1.24783 -0.294499
172 0.08 0.8 0 0.893978 -0.340519
172 0.08 0.8 1 0.899462 -0.113984
172 0.08 0.8 2 1.21354 -0.288283
173 0.07 0.8 0 0.785276 -0.271156
173 0.07 0.8 1 1.08028 -0.341609
173 0.07 0.8 2 1.13786 -0.175994
174 0.06 0.8 0 0.795255 -0.188545
174 0.06 0.8 1 1.02232 -0.208328
174 0.06 0.8 2 1.18413 -0.327553
175 0.05 0.8 0 0.756127 -0.321614
175 0.05 0.8 1 1.04129 -0.316729
175 0.05 0.8 2 1.20682 -0.155979
176 0.04 0.8 0 0.834951 -0.204357
176 0.04 0.8 1 0.975788 -0.254584
176 0.04 0.8 2 1.18423 -0.27319
177 0.03 0.8 0 0.828532 -0.261005
177 0.03 0.8 1 1.02415 -0.301313
177 0.03 0.8 2 1.14696 -0.18526
178 0.02 0.8 0 0.795295 -0.282633
178 0.02 0.8 1 0.964023 -0.0871797
178 0.02 0.8 2 1.25601 -0.352517
179 0.01 0.8 0 0.853041 -0.273956
179 0.01 0.8 1 1.02749 -0.314584
179 0.01 0.8 2 1.12007 -0.171469
180 0 0.8 0 0.793363 0.0880652
180 0 0.8 1 1.02215 -0.0862154
180 0 0.8 2 1.18696 0.00894122
181 0 0.79 0 0.747813 0.0477277
181 0 0.79 1 0.978361 -0.0564643
181 0 0.79 2 1.27262 0.0252158
182 0 0.78 0 0.893698 -0.012518
182 0 0.78 1 1.03633 0.0931426
182 0 0.78 2 1.07349 -0.0834887
183 0 0.77 0 0.939272 -0.0436723
183 0 0.77 1 0.98732 0.0377962
183 0 0.77 2 1.07091 -0.0123647
184 0 0.76 0 0.727111 -0.0179509
184 0 0.76 1 1.00859 0.0615854
184 0 0.76 2 1.26345 -0.0479675
185 0 0.75 0 0.784955 -0.15891
185 0 0.75 1 1.0801 0.0798562
185 0 0.75 2 1.14371 0.0251199
186 0 0.74 0 0.694308 -0.0590211
186 0 0.74 1 0.99751 -0.0624114
186 0 0.74 2 1.31174 0.0831894
187 0 0.73 0 0.853343 -0.121325
187 0 0.73 1 0.951968 -0.0208684
187 0 0.73 2 1.20247 0.0964197
188 0 0.72 0 0.720268 0.0822206
188 0 0.72 1 1.02709 -0.025356
188 0 0.72 2 1.25054 -0.0182229
189 0 0.71 0 0.812739 0.0219434
189 0 0.71 1 0.941019 0.0279002
189 0 0.71 2 1.2421 -0.026766
190 0 0.7 0 0.754607 0.0838093
190 0 0.7 1 1.05164 -0.0179402
190 0 0.7 2 1.19274 -0.0344729
191 0 0.69 0 0.774154 -0.192364
191 0 0.69 1 1.09576 0.102291
191 0 0.69 2 1.14652 0.0311719
192 0 0.68 0 0.745751 -0.0733135
192 0 0.68 1 1.09149 -0.00308508
192 0 0.68 2 1.16088 0.0413346
193 0 0.67 0 0.88687 -0.0321551
193 0 0.67 1 0.897388 0.0294239
193 0 0.67 2 1.21143 -0.00402746
194 0 0.66 0 0.737692 0.0119906
194 0 0.66 1 1.11523 -0.133419
194 0 0.66 2 1.16044 0.124962
195 0 0.65 0 0.766266 0.062731
195 0 0.65 1 1.03375 -0.0813357
195 0 0.65 2 1.19956 0.0247554
196 0 0.64 0 0.735871 0.00570996
196 0 0.64 1 0.977926 0.0151588
196 0 0.64 2 1.28218 -0.0181871
197 0 0.63 0 0.897739 0.0459545
197 0 0.63 1 0.937019 -0.0936017
197 0 0.63 2 1.16511 0.0386243
198 0 0.62 0 0.881497 -0.101963
198 0 0.62 1 0.927002 -0.00834751
198 0 0.62 2 1.19686 0.0897249
199 0 0.61 0 0.775433 0.00124034
199 0 0.61 1 1.01917 0.0189162
199 0 0.61 2 1.20116 -0.0196226
200 0 0.6 0 0.834356 0.138508
200 0 0.6 1 0.925432 -0.106847
200 0 0.6 2 1.24866 -0.00968114
201 0 0.59 0 0.871971 -0.0320374
201 0 0.59 1 0.993162 -0.0887075
201 0 0.59 2 1.13906 0.0881235
202 0 0.58 0 0.751358 -0.00110902
202 0 0.58 1 1.02195 -0.0232883
202 0 0.58 2 1.22211 0.0135333
203 0 0.57 0 0.873635 0.0781431
203 0 0.57 1 0.962477 -0.173268
203 0 0.57 2 1.17841 0.0807495
204 0 0.56 0 0.847828 -0.0695527
204 0 0.56 1 1.05333 0.050161
204 0 0.56 2 1.09804 -0.000737509
205 0 0.55 0 0.84427 -0.0267219
205 0 0.55 1 1.05581 -0.0345724
205 0 0.55 2 1.09853 0.0536902
206 0 0.54 0 0.868247 0.000467108
206 0 0.54 1 0.976728 0.0799853
206 0 0.54 2 1.15551 -0.0665708
207 0 0.53 0 0.789514 0.0336146
207 0 0.53 1 0.9619 -0.0258087
207 0 0.53 2 1.2459 0.000133283
208 0 0.52 0 0.76669 -0.127234
208 0 0.52 1 0.892298 0.0393627
208 0 0.52 2 1.3458 0.0423036
209 0 0.51 0 0.770388 0.0819401
209 0 0.51 1 1.0515 -0.0654706
209 0 0.51 2 1.17939 0.0112235
210 0 0.5 0 0.835575 0.0243913
210 0 0.5 1 1.01557 -0.0775195
210 0 0.5 2 1.14924 0.0518382
211 0 0.49 0 0.833474 0.155417
211 0 0.49 1 0.910784 -0.013062
211 0 0.49 2 1.26651 -0.0908044
212 0 0.48 0 0.7987 -0.0255931
212 0 0.48 1 1.0073 -0.0243764
212 0 0.48 2 1.19091 0.0489584
213 0 0.47 0 0.79592 -0.0614211
213 0 0.47 1 0.999108 -0.0917231
213 0 0.47 2 1.21307 0.105653
214 0 0.46 0 0.788699 -0.0128108
214 0 0.46 1 0.939116 0.0166929
214 0 0.46 2 1.26712 0.00325484
215 0 0.45 0 0.85659 0.162383
215 0 0.45 1 0.959049 -0.0138719
215 0 0.45 2 1.1968 -0.10251
216 0 0.44 0 0.815718 0.0391139
216 0 0.44 1 0.940008 -0.069817
216 0 0.44 2 1.24289 0.0243354
217 0 0.43 0 0.810074 -0.0470446
217 0 0.43 1 0.965054 0.133506
217 0 0.43 2 1.23152 -0.0583592
218 0 0.42 0 0.741424 -0.00708462
218 0 0.42 1 1.03896 0.016948
218 0 0.42 2 1.21498 -0.0123791
219 0 0.41 0 0.75222 0.0445215
219 0 0.41 1 1.01727 -0.0418716
219 0 0.41 2 1.22694 0.00933887
220 0 0.4 0 0.794061 0.125392
220 0 0.4 1 1.03187 -0.119219
220 0 0.4 2 1.18285 0.0179362
221 0 0.39 0 0.902567 -0.0587217
221 0 0.39 1 0.944921 0.0462198
221 0 0.39 2 1.15039 0.00934905
222 0 0.38 0 0.704462 -0.0349258
222 0 0.38 1 0.960072 -0.00962389
222 0 0.38 2 1.33257 0.0294589
223 0 0.37 0 0.702753 0.0450869
223 0 0.37 1 1.07616 -0.017888
223 0 0.37 2 1.21652 -0.00647619
224 0 0.36 0 0.760411 0.0914977
224 0 0.36 1 0.984149 -0.0557231
224 0 0.36 2 1.25587 -0.0107857
225 0 0.35 0 0.762004 0.0590244
225 0 0.35 1 0.95064 -0.0680636
225 0 0.35 2 1.28671 0.0259851
226 0 0.34 0 0.791241 -0.0393863
226 0 0.34 1 1.08084 -0.0382611
226 0 0.34 2 1.12769 0.0682014
227 0 0.33 0 0.812162 0.0341078
227 0 0.33 1 1.08966 -0.109273
227 0 0.33 2 1.1018 0.072853
228 0 0.32 0 0.813004 0.0851473
228 0 0.32 1 1.03506 -0.031953
228 0 0.32 2 1.15095 -0.0336642
229 0 0.31 0 0.777904 -0.052018
229 0 0.31 1 1.00236 0.0248454
229 0 0.31 2 1.21644 0.00629125
230 0 0.3 0 0.801526 0.0621742
230 0 0.3 1 1.03901 0.0115669
230 0 0.3 2 1.15793 -0.053133
231 0 0.29 0 0.808108 -0.0459349
231 0 0.29 1 1.01231 -0.0288759
231 0 0.29 2 1.17754 0.065226
232 0 0.28 0 0.67756 -0.128847
232 0 0.28 1 1.09091 0.0337627
232 0 0.28 2 1.23515 0.0566435
233 0 0.27 0 0.829185 -0.0184086
233 0 0.27 1 0.966625 -0.0851327
233 0 0.27 2 1.2082 0.0927389
234 0 0.26 0 0.870798 0.165352
234 0 0.26 1 0.935015 -0.06236
234 0 0.26 2 1.20483 -0.0665313
235 0 0.25 0 0.793409 -0.0612167
235 0 0.25 1 1.01763 0.104248
235 0 0.25 2 1.19316 -0.0499988
236 0 0.24 0 0.788684 -0.0252742
236 0 0.24 1 1.06435 -0.0661582
236 0 0.24 2 1.14823 0.0743216
237 0 0.23 0 0.72995 -0.0224259
237 0 0.23 1 0.98118 -0.0365177
237 0 0.23 2 1.28638 0.0523419
238 0 0.22 0 0.747513 -0.180568
238 0 0.22 1 1.03611 0.128261
238 0 0.22 2 1.23243 -0.00371896
239 0 0.21 0 0.828362 -0.00676815
239 0 0.21 1 0.966831 0.00343162
239 0 0.21 2 1.1996 -0.00291422
240 0 0.2 0 0.790817 0.105077
240 0 0.2 1 0.946867 -0.00156916
240 0 0.2 2 1.26448 -0.0588025
241 0 0.19 0 0.809541 -0.0196399
241 0 0.19 1 1.00221 0.00140395
241 0 0.19 2 1.18405 0.0170238
242 0 0.18 0 0.814708 0.025189
242 0 0.18 1 1.07508 0.0563743
242 0 0.18 2 1.11016 -0.0721825
243 0 0.17 0 0.720957 -0.0973406
243 0 0.17 1 1.05895 0.116404
243 0 0.17 2 1.22645 -0.0392454
244 0 0.16 0 0.893675 0.0607831
244 0 0.16 1 0.959082 -0.0621215
244 0 0.16 2 1.14734 0.00245006
245 0 0.15 0 0.843414 -0.0813974
245 0 0.15 1 0.936499 0.0647443
245 0 0.15 2 1.22051 0.00601264
246 0 0.14 0 0.792413 0.0400242
246 0 0.14 1 0.969666 -0.00708639
246 0 0.14 2 1.2343 -0.00220536
247 0 0.13 0 0.756405 -0.0023055
247 0 0.13 1 1.00963 -0.0837703
247 0 0.13 2 1.23559 0.0642464
248 0 0.12 0 0.827467 0.146948
248 0 0.12 1 0.939777 0.0160152
248 0 0.12 2 1.24509 -0.109425
249 0 0.11 0 0.906575 -0.0118338
249 0 0.11 1 1.00193 0.135555
249 0 0.11 2 1.10363 -0.118526
250 0 0.1 0 0.856282 0.104368
250 0 0.1 1 0.907343 -0.0333355
250 0 0.1 2 1.23883 -0.0564484
251 0 0.09 0 0.765287 0.15353
251 0 0.09 1 0.984483 -0.0759764
251 0 0.09 2 1.25767 -0.0323843
252 0 0.08 0 0.871224 -0.0905529
252 0 0.08 1 1.01835 -0.0851616
252 0 0.08 2 1.12465 0.142029
253 0 0.07 0 0.783931 -0.0213657
253 0 0.07 1 1.00572 0.0545983
253 0 0.07 2 1.20752 -0.0255848
254 0 0.06 0 0.842465 0.0273756
254 0 0.06 1 0.939729 -0.0187678
254 0 0.06 2 1.21325 -0.0128013
255 0 0.05 0 0.920468 0.0972708
255 0 0.05 1 0.970174 -0.159628
255 0 0.05 2 1.12252 0.0443768
256 0 0.04 0 0.867257 -0.0524622
256 0 0.04 1 0.954231 0.0806841
256 0 0.04 2 1.17863 -0.021978
257 0 0.03 0 0.815157 0.0714107
257 0 0.03 1 1.01508 0.00164631
257 0 0.03 2 1.16895 -0.0539374
258 0 0.02 0 0.750031 -0.00426267
258 0 0.02 1 0.946439 0.0338947
258 0 0.02 2 1.30006 -0.0272584
259 0 0.01 0 0.926433 0.194619
259 0 0.01 1 0.986149 -0.0537264
259 0 0.01 2 1.10797 -0.102044
