0 0 0 0 0.626118 0.00270779
0 0 0 1 1.00414 -0.0207993
0 0 0 2 1.3676 -0.00850839
1 0.01 0 0 0.620184 -0.00708512
1 0.01 0 1 1.01625 -0.00693998
1 0.01 0 2 1.36153 -0.0148917
2 0.02 0 0 0.62402 -0.0148404
2 0.02 0 1 0.998595 -0.0020241
2 0.02 0 2 1.37542 -0.0145447
3 0.03 0 0 0.65241 0.0164635
3 0.03 0 1 1.0051 0.00146319
3 0.03 0 2 1.34105 -0.0317075
4 0.04 0 0 0.649527 0.00196065
4 0.04 0 1 1.00417 0.0222828
4 0.04 0 2 1.34531 -0.0429612
5 0.05 0 0 0.671346 -0.0159242
5 0.05 0 1 0.972487 -0.0350484
5 0.05 0 2 1.35445 0.00765889
6 0.06 0 0 0.682816 -0.0190182
6 0.06 0 1 0.992621 -0.0143231
6 0.06 0 2 1.32263 -0.0055742
7 0.07 0 0 0.643576 -0.00496619
7 0.07 0 1 0.994796 -0.0110668
7 0.07 0 2 1.35967 -0.0125299
8 0.08 0 0 0.642612 -0.0558211
8 0.08 0 1 1.01007 -0.00132478
8 0.08 0 2 1.34614 0.00447159
9 0.09 0 0 0.659583 0.0140047
9 0.09 0 1 1.02057 -0.0258925
9 0.09 0 2 1.31806 -0.0114351
10 0.1 0 0 0.671852 -0.0116581
10 0.1 0 1 1.00674 -0.0169395
10 0.1 0 2 1.31956 -0.00598818
11 0.11 0 0 0.669109 -0.0249983
11 0.11 0 1 0.986586 -0.00926299
11 0.11 0 2 1.34221 -0.00515136
12 0.12 0 0 0.658478 -0.00482087
12 0.12 0 1 1.01635 0.0101037
12 0.12 0 2 1.3233 -0.0296312
13 0.13 0 0 0.701846 -0.0218979
13 0.13 0 1 0.999813 -0.0114685
13 0.13 0 2 1.29624 -0.00425171
14 0.14 0 0 0.663644 -0.0116701
14 0.14 0 1 1.02176 -0.027558
14 0.14 0 2 1.31297 0.00506857
15 0.15 0 0 0.67353 -0.0146668
15 0.15 0 1 1.01799 0.00213434
15 0.15 0 2 1.30646 -0.0185944
16 0.16 0 0 0.68938 -0.0259137
16 0.16 0 1 0.984907 -0.0240557
16 0.16 0 2 1.32411 0.00741558
17 0.17 0 0 0.683487 -0.041455
17 0.17 0 1 0.999481 -0.00171953
17 0.17 0 2 1.3155 -0.00282415
18 0.18 0 0 0.700474 -0.0437361
18 0.18 0 1 0.986397 0.0166448
18 0.18 0 2 1.31178 -0.011283
19 0.19 0 0 0.698062 -0.0282384
19 0.19 0 1 0.989934 0.00136455
19 0.19 0 2 1.31005 -0.00942961
20 0.2 0 0 0.70531 -0.012403
20 0.2 0 1 1.00582 -0.000911821
20 0.2 0 2 1.28651 -0.0158992
21 0.21 0 0 0.705934 -0.0043718
21 0.21 0 1 0.981004 -0.0062158
21 0.21 0 2 1.31068 -0.0165752
22 0.22 0 0 0.723388 0.00602891
22 0.22 0 1 1.01201 -0.0179971
22 0.22 0 2 1.26268 -0.0141007
23 0.23 0 0 0.718692 0.0210117
23 0.23 0 1 1.00332 -0.0168767
23 0.23 0 2 1.27643 -0.0249367
24 0.24 0 0 0.715787 -0.0114214
24 0.24 0 1 1.00052 -0.0305033
24 0.24 0 2 1.28214 0.00727274
25 0.25 0 0 0.728611 -0.035035
25 0.25 0 1 0.960991 0.00491253
25 0.25 0 2 1.3086 -0.00877062
26 0.26 0 0 0.712072 0.0304429
26 0.26 0 1 0.993602 -0.0295631
26 0.26 0 2 1.29299 -0.0178131
27 0.27 0 0 0.719387 -0.0403728
27 0.27 0 1 0.979888 -0.00262403
27 0.27 0 2 1.29903 -0.00038022
28 0.28 0 0 0.716016 -0.0233078
28 0.28 0 1 1.01347 -0.00276859
28 0.28 0 2 1.26851 -0.00813559
29 0.29 0 0 0.732143 -0.0110521
29 0.29 0 1 0.975796 0.0163059
29 0.29 0 2 1.29074 -0.0333088
30 0.3 0 0 0.70729 0.004481
30 0.3 0 1 1.00116 -0.017878
30 0.3 0 2 1.28963 -0.0115723
31 0.31 0 0 0.719099 -0.009856
31 0.31 0 1 1.02097 -0.00644737
31 0.31 0 2 1.25783 -0.0122304
32 0.32 0 0 0.713945 -0.00393023
32 0.32 0 1 1.02665 -0.00795014
32 0.32 0 2 1.25733 -0.0154593
33 0.33 0 0 0.718106 0.0235904
33 0.33 0 1 1.00829 -0.0344593
33 0.33 0 2 1.27222 -0.00877711
34 0.34 0 0 0.691025 -0.00862629
34 0.34 0 1 0.990351 0.0201006
34 0.34 0 2 1.31754 -0.0345719
35 0.35 0 0 0.711633 0.0234795
35 0.35 0 1 1.03897 -0.00279065
35 0.35 0 2 1.24813 -0.0388889
36 0.36 0 0 0.704183 -0.0128579
36 0.36 0 1 1.01863 -0.0257969
36 0.36 0 2 1.27509 0.00374522
37 0.37 0 0 0.70162 -0.019963
37 0.37 0 1 1.01348 -0.00621738
37 0.37 0 2 1.2827 -0.0074918
38 0.38 0 0 0.709884 -0.0332965
38 0.38 0 1 0.988814 0.0262272
38 0.38 0 2 1.30023 -0.0255091
39 0.39 0 0 0.702722 0.000626789
39 0.39 0 1 1.03687 -0.00970001
39 0.39 0 2 1.25843 -0.0182181
40 0.4 0 0 0.693835 -0.00198083
40 0.4 0 1 0.981048 0.00700095
40 0.4 0 2 1.32303 -0.02586
41 0.41 0 0 0.719968 -0.00169452
41 0.41 0 1 1.00415 0.00522707
41 0.41 0 2 1.27409 -0.0261095
42 0.42 0 0 0.69114 0.0284157
42 0.42 0 1 0.977247 -0.00926094
42 0.42 0 2 1.33037 -0.028565
43 0.43 0 0 0.677495 -0.000578512
43 0.43 0 1 0.99123 -0.00285521
43 0.43 0 2 1.32924 -0.0186208
44 0.44 0 0 0.703421 -0.0326527
44 0.44 0 1 0.979181 -0.0125317
44 0.44 0 2 1.31554 0.00269458
45 0.45 0 0 0.699439 -0.027855
45 0.45 0 1 1.00215 0.0025586
45 0.45 0 2 1.29643 -0.0140215
46 0.46 0 0 0.717589 -0.0182284
46 0.46 0 1 1.00931 0.0268184
46 0.46 0 2 1.27228 -0.0352982
47 0.47 0 0 0.673301 -0.0120881
47 0.47 0 1 0.993038 -0.014465
47 0.47 0 2 1.33166 -0.00627823
48 0.48 0 0 0.70537 -0.0458545
48 0.48 0 1 1.01668 0.0150263
48 0.48 0 2 1.27657 -0.0120682
49 0.49 0 0 0.744209 -0.0110101
49 0.49 0 1 0.979992 -0.0129589
49 0.49 0 2 1.27365 -0.00907229
50 0.5 0 0 0.698042 -0.0570894
50 0.5 0 1 1.00548 -0.0844196
50 0.5 0 2 1.29463 -0.0599787
51 0.5 0.01 0 0.71256 -0.0545211
51 0.5 0.01 1 0.982288 -0.0429638
51 0.5 0.01 2 1.30397 -0.0938098
52 0.5 0.02 0 0.693639 -0.073817
52 0.5 0.02 1 0.97757 -0.0642513
52 0.5 0.02 2 1.3268 -0.0663123
53 0.5 0.03 0 0.680493 -0.0435128
53 0.5 0.03 1 1.01355 -0.0704531
53 0.5 0.03 2 1.30413 -0.0782586
54 0.5 0.04 0 0.736055 -0.023863
54 0.5 0.04 1 0.991009 -0.0475517
54 0.5 0.04 2 1.27278 -0.109107
55 0.5 0.05 0 0.702517 -0.0665693
55 0.5 0.05 1 0.971314 -0.0744085
55 0.5 0.05 2 1.3241 -0.065181
56 0.5 0.06 0 0.69694 -0.0719088
56 0.5 0.06 1 1.00706 -0.0485897
56 0.5 0.06 2 1.29436 -0.0844951
57 0.5 0.07 0 0.6604 -0.0878838
57 0.5 0.07 1 1.00685 -0.0493969
57 0.5 0.07 2 1.33108 -0.0731439
58 0.5 0.08 0 0.733212 -0.0379061
58 0.5 0.08 1 0.969823 -0.0894708
58 0.5 0.08 2 1.29529 -0.0714401
59 0.5 0.09 0 0.702776 -0.0950511
59 0.5 0.09 1 1.01407 -0.0755538
59 0.5 0.09 2 1.2817 -0.0459552
60 0.5 0.1 0 0.696823 -0.0865853
60 0.5 0.1 1 1.00349 -0.0760585
60 0.5 0.1 2 1.29797 -0.0519411
61 0.5 0.11 0 0.715829 -0.0510366
61 0.5 0.11 1 1.00203 -0.0738419
61 0.5 0.11 2 1.28025 -0.075684
62 0.5 0.12 0 0.706465 -0.0294413
62 0.5 0.12 1 1.0084 -0.0875019
62 0.5 0.12 2 1.28392 -0.073775
63 0.5 0.13 0 0.719164 -0.0752334
63 0.5 0.13 1 0.981518 -0.0589124
63 0.5 0.13 2 1.2974 -0.0690199
64 0.5 0.14 0 0.674557 -0.0986124
64 0.5 0.14 1 1.00446 -0.0723766
64 0.5 0.14 2 1.31948 -0.0500813
65 0.5 0.15 0 0.694229 -0.113193
65 0.5 0.15 1 0.987431 -0.072988
65 0.5 0.15 2 1.31746 -0.0400297
66 0.5 0.16 0 0.693079 -0.0756447
66 0.5 0.16 1 1.00564 -0.0801599
66 0.5 0.16 2 1.29956 -0.0563504
67 0.5 0.17 0 0.69564 -0.0991433
67 0.5 0.17 1 1.00564 -0.0587337
67 0.5 0.17 2 1.29717 -0.0591528
68 0.5 0.18 0 0.68123 -0.044159
68 0.5 0.18 1 1.02898 -0.0786775
68 0.5 0.18 2 1.28818 -0.0722333
69 0.5 0.19 0 0.678496 -0.0303775
69 0.5 0.19 1 0.998092 -0.064355
69 0.5 0.19 2 1.3222 -0.0882363
70 0.5 0.2 0 0.686154 -0.0364594
70 0.5 0.2 1 0.987391 -0.0505249
70 0.5 0.2 2 1.32545 -0.0949982
71 0.5 0.21 0 0.692847 -0.0890805
71 0.5 0.21 1 1.02176 -0.0542571
71 0.5 0.21 2 1.28368 -0.0690407
72 0.5 0.22 0 0.697351 -0.0708936
72 0.5 0.22 1 1.0087 -0.0477379
72 0.5 0.22 2 1.29225 -0.0827228
73 0.5 0.23 0 0.699117 -0.0992125
73 0.5 0.23 1 1.0253 -0.0580184
73 0.5 0.23 2 1.27405 -0.0581445
74 0.5 0.24 0 0.699398 -0.0906083
74 0.5 0.24 1 0.986028 -0.089021
74 0.5 0.24 2 1.31332 -0.0413386
75 0.5 0.25 0 0.708529 -0.0610887
75 0.5 0.25 1 0.990676 -0.084121
75 0.5 0.25 2 1.29886 -0.0585479
76 0.5 0.26 0 0.718957 -0.0929112
76 0.5 0.26 1 0.962347 -0.0677727
76 0.5 0.26 2 1.31706 -0.0533612
77 0.5 0.27 0 0.714844 -0.0583054
77 0.5 0.27 1 0.996308 -0.0706885
77 0.5 0.27 2 1.28692 -0.0716978
78 0.5 0.28 0 0.71901 -0.06265
78 0.5 0.28 1 0.989963 -0.0730978
78 0.5 0.28 2 1.28904 -0.0679216
79 0.5 0.29 0 0.725728 -0.0554123
79 0.5 0.29 1 1.00781 -0.0752946
79 0.5 0.29 2 1.26443 -0.0713078
80 0.5 0.3 0 0.656964 -0.084018
80 0.5 0.3 1 1.01056 -0.0440534
80 0.5 0.3 2 1.33095 -0.0792058
81 0.5 0.31 0 0.69234 -0.0944694
81 0.5 0.31 1 0.994053 -0.0555072
81 0.5 0.31 2 1.31201 -0.0644075
82 0.5 0.32 0 0.69987 -0.0429086
82 0.5 0.32 1 1.01288 -0.0770821
82 0.5 0.32 2 1.28548 -0.076776
83 0.5 0.33 0 0.680722 -0.0428514
83 0.5 0.33 1 1.0359 -0.057883
83 0.5 0.33 2 1.28195 -0.0906857
84 0.5 0.34 0 0.726184 -0.0684619
84 0.5 0.34 1 0.957497 -0.0728145
84 0.5 0.34 2 1.31439 -0.0652735
85 0.5 0.35 0 0.703795 -0.0696864
85 0.5 0.35 1 1.00438 -0.0610332
85 0.5 0.35 2 1.28977 -0.072882
86 0.5 0.36 0 0.737073 -0.0821879
86 0.5 0.36 1 1.00715 -0.0612053
86 0.5 0.36 2 1.25386 -0.0650078
87 0.5 0.37 0 0.69316 -0.0726043
87 0.5 0.37 1 1.02322 -0.0330604
87 0.5 0.37 2 1.28263 -0.0914231
88 0.5 0.38 0 0.694954 -0.0646339
88 0.5 0.38 1 0.986615 -0.0562668
88 0.5 0.38 2 1.31647 -0.077186
89 0.5 0.39 0 0.696786 -0.0809955
89 0.5 0.39 1 1.01682 -0.0722227
89 0.5 0.39 2 1.2845 -0.0570089
90 0.5 0.4 0 0.742872 -0.0526515
90 0.5 0.4 1 1.00301 -0.0464263
90 0.5 0.4 2 1.25285 -0.0951235
91 0.5 0.41 0 0.668879 -0.0879409
91 0.5 0.41 1 0.998435 -0.0454075
91 0.5 0.41 2 1.33082 -0.07506
92 0.5 0.42 0 0.736189 -0.0681342
92 0.5 0.42 1 0.979193 -0.0346228
92 0.5 0.42 2 1.28355 -0.0931003
93 0.5 0.43 0 0.690684 -0.0896527
93 0.5 0.43 1 1.00717 -0.0619284
93 0.5 0.43 2 1.30018 -0.059783
94 0.5 0.44 0 0.690159 -0.0644772
94 0.5 0.44 1 0.978737 -0.069456
94 0.5 0.44 2 1.32903 -0.0690406
95 0.5 0.45 0 0.711862 -0.0719381
95 0.5 0.45 1 1.01419 -0.0973219
95 0.5 0.45 2 1.27263 -0.0447286
96 0.5 0.46 0 0.664186 -0.0956104
96 0.5 0.46 1 0.997034 -0.083672
96 0.5 0.46 2 1.33766 -0.0427665
97 0.5 0.47 0 0.701198 -0.0493215
97 0.5 0.47 1 0.99877 -0.0909088
97 0.5 0.47 2 1.29858 -0.0608131
98 0.5 0.48 0 0.689872 -0.0801237
98 0.5 0.48 1 0.998295 -0.0703978
98 0.5 0.48 2 1.30998 -0.0616749
99 0.5 0.49 0 0.714388 -0.0823454
99 0.5 0.49 1 0.987587 -0.0472916
99 0.5 0.49 2 1.2964 -0.0749767
100 0.5 0.5 0 0.666213 -0.100924
100 0.5 0.5 1 0.980845 -0.0615248
100 0.5 0.5 2 1.3513 -0.0569555
101 0.5 0.51 0 0.716938 -0.0487622
101 0.5 0.51 1 1.01009 -0.0703659
101 0.5 0.51 2 1.27111 -0.0782518
102 0.5 0.52 0 0.702978 -0.0678682
102 0.5 0.52 1 0.990019 -0.0594252
102 0.5 0.52 2 1.30495 -0.0744529
103 0.5 0.53 0 0.687786 -0.0766812
103 0.5 0.53 1 0.982055 -0.0680515
103 0.5 0.53 2 1.32811 -0.0615313
104 0.5 0.54 0 0.683931 -0.0982009
104 0.5 0.54 1 1.00794 -0.0756829
104 0.5 0.54 2 1.30678 -0.0467938
105 0.5 0.55 0 0.675785 -0.0679968
105 0.5 0.55 1 1.00638 -0.0749697
105 0.5 0.55 2 1.31593 -0.0612249
106 0.5 0.56 0 0.716269 -0.0672272
106 0.5 0.56 1 0.990262 -0.082046
106 0.5 0.56 2 1.29156 -0.0590373
107 0.5 0.57 0 0.747858 -0.0768095
107 0.5 0.57 1 0.972202 -0.0751092
107 0.5 0.57 2 1.27795 -0.0580646
108 0.5 0.58 0 0.711587 -0.0595668
108 0.5 0.58 1 0.983786 -0.0898483
108 0.5 0.58 2 1.30297 -0.057751
109 0.5 0.59 0 0.712919 -0.0552552
109 0.5 0.59 1 1.02406 -0.0599245
109 0.5 0.59 2 1.26127 -0.0820129
110 0.5 0.6 0 0.708827 -0.113321
110 0.5 0.6 1 1.00341 -0.0623807
110 0.5 0.6 2 1.28678 -0.0475067
111 0.5 0.61 0 0.713997 -0.0772604
111 0.5 0.61 1 1.00566 -0.0691187
111 0.5 0.61 2 1.27836 -0.0617579
112 0.5 0.62 0 0.712598 -0.0505644
112 0.5 0.62 1 1.00817 -0.087166
112 0.5 0.62 2 1.27766 -0.061294
113 0.5 0.63 0 0.698113 -0.0364576
113 0.5 0.63 1 0.996118 -0.069572
113 0.5 0.63 2 1.3042 -0.0844918
114 0.5 0.64 0 0.716208 -0.0692641
114 0.5 0.64 1 0.998256 -0.0643453
114 0.5 0.64 2 1.28345 -0.069976
115 0.5 0.65 0 0.709232 -0.0902131
115 0.5 0.65 1 0.992193 -0.0499842
115 0.5 0.65 2 1.29695 -0.0716558
116 0.5 0.66 0 0.68681 -0.0127679
116 0.5 0.66 1 0.990561 -0.0816605
116 0.5 0.66 2 1.32179 -0.0865511
117 0.5 0.67 0 0.693678 -0.0887879
117 0.5 0.67 1 0.976716 -0.0588006
117 0.5 0.67 2 1.32777 -0.0627025
118 0.5 0.68 0 0.690672 -0.0765779
118 0.5 0.68 1 0.995384 -0.0599382
118 0.5 0.68 2 1.31193 -0.0726764
119 0.5 0.69 0 0.69022 -0.0893541
119 0.5 0.69 1 0.97577 -0.0833726
119 0.5 0.69 2 1.33256 -0.0465302
120 0.5 0.7 0 0.687326 -0.0856023
120 0.5 0.7 1 1.00487 -0.0869142
120 0.5 0.7 2 1.30661 -0.0415504
121 0.5 0.71 0 0.70778 -0.0465202
121 0.5 0.71 1 1.00014 -0.0601967
121 0.5 0.71 2 1.29047 -0.0852208
122 0.5 0.72 0 0.695345 -0.0429203
122 0.5 0.72 1 0.993813 -0.081558
122 0.5 0.72 2 1.30931 -0.0714776
123 0.5 0.73 0 0.677778 -0.00104892
123 0.5 0.73 1 0.973576 -0.0829732
123 0.5 0.73 2 1.34874 -0.0921247
124 0.5 0.74 0 0.723889 -0.0834106
124 0.5 0.74 1 1.00795 -0.0521047
124 0.5 0.74 2 1.26651 -0.0705722
125 0.5 0.75 0 0.700925 -0.0392376
125 0.5 0.75 1 0.993828 -0.0945443
125 0.5 0.75 2 1.30389 -0.0640969
126 0.5 0.76 0 0.711667 -0.067555
126 0.5 0.76 1 1.00742 -0.0643394
126 0.5 0.76 2 1.27899 -0.0709014
127 0.5 0.77 0 0.693724 -0.057469
127 0.5 0.77 1 1.00631 -0.0868243
127 0.5 0.77 2 1.29829 -0.0594058
128 0.5 0.78 0 0.6961 -0.0754717
128 0.5 0.78 1 0.987625 -0.0270358
128 0.5 0.78 2 1.31546 -0.0934551
129 0.5 0.79 0 0.691664 -0.0607558
129 0.5 0.79 1 0.97344 -0.0870464
129 0.5 0.79 2 1.33307 -0.0594954
130 0.5 0.8 0 0.703832 -0.108477
130 0.5 0.8 1 0.982938 -0.121119
130 0.5 0.8 2 1.31176 -0.0756253
131 0.49 0.8 0 0.716724 -0.122185
131 0.49 0.8 1 0.997944 -0.0774449
131 0.49 0.8 2 1.28355 -0.103184
132 0.48 0.8 0 0.665171 -0.0907959
132 0.48 0.8 1 1.01121 -0.106899
132 0.48 0.8 2 1.32153 -0.0967816
133 0.47 0.8 0 0.66043 -0.0852182
133 0.47 0.8 1 1.04064 -0.121685
133 0.47 0.8 2 1.2974 -0.0859919
134 0.46 0.8 0 0.669094 -0.125201
134 0.46 0.8 1 1.00153 -0.0807719
134 0.46 0.8 2 1.32758 -0.0988472
135 0.45 0.8 0 0.700289 -0.0988664
135 0.45 0.8 1 0.967037 -0.0885063
135 0.45 0.8 2 1.33048 -0.106322
136 0.44 0.8 0 0.680068 -0.0974471
136 0.44 0.8 1 0.997841 -0.0856125
136 0.44 0.8 2 1.32004 -0.106873
137 0.43 0.8 0 0.693886 -0.0756931
137 0.43 0.8 1 1.01823 -0.117461
137 0.43 0.8 2 1.28602 -0.0969946
138 0.42 0.8 0 0.722841 -0.0609343
138 0.42 0.8 1 0.991918 -0.116886
138 0.42 0.8 2 1.28381 -0.105149
139 0.41 0.8 0 0.71082 -0.104967
139 0.41 0.8 1 1.00051 -0.105964
139 0.41 0.8 2 1.28663 -0.0898798
140 0.4 0.8 0 0.689222 -0.136816
140 0.4 0.8 1 1.00072 -0.0872515
140 0.4 0.8 2 1.30858 -0.0868588
141 0.39 0.8 0 0.695502 -0.0724017
141 0.39 0.8 1 0.995114 -0.132175
141 0.39 0.8 2 1.30814 -0.0866499
142 0.38 0.8 0 0.747685 -0.0577643
142 0.38 0.8 1 0.992393 -0.121962
142 0.38 0.8 2 1.25858 -0.105526
143 0.37 0.8 0 0.70219 -0.106617
143 0.37 0.8 1 1.03573 -0.0881536
143 0.37 0.8 2 1.25998 -0.100092
144 0.36 0.8 0 0.709724 -0.0979365
144 0.36 0.8 1 0.986215 -0.0923608
144 0.36 0.8 2 1.302 -0.100626
145 0.35 0.8 0 0.700525 -0.0992197
145 0.35 0.8 1 1.0043 -0.10431
145 0.35 0.8 2 1.29302 -0.0928838
146 0.34 0.8 0 0.711978 -0.118525
146 0.34 0.8 1 1.0174 -0.080685
146 0.34 0.8 2 1.26883 -0.10051
147 0.33 0.8 0 0.725196 -0.0957934
147 0.33 0.8 1 1.01047 -0.10343
147 0.33 0.8 2 1.26209 -0.0954794
148 0.32 0.8 0 0.706592 -0.118883
148 0.32 0.8 1 1.01598 -0.0663495
148 0.32 0.8 2 1.27602 -0.111132
149 0.31 0.8 0 0.715777 -0.0922189
149 0.31 0.8 1 1.0101 -0.0772212
149 0.31 0.8 2 1.27227 -0.120782
150 0.3 0.8 0 0.729397 -0.107364
150 0.3 0.8 1 1.01446 -0.0811351
150 0.3 0.8 2 1.25421 -0.106049
151 0.29 0.8 0 0.725743 -0.0819554
151 0.29 0.8 1 0.994961 -0.111305
151 0.29 0.8 2 1.27737 -0.0985815
152 0.28 0.8 0 0.734127 -0.111637
152 0.28 0.8 1 1.00695 -0.0780372
152 0.28 0.8 2 1.25716 -0.107874
153 0.27 0.8 0 0.699893 -0.105647
153 0.27 0.8 1 0.999293 -0.104758
153 0.27 0.8 2 1.29873 -0.0887672
154 0.26 0.8 0 0.694665 -0.0828489
154 0.26 0.8 1 1.00296 -0.0934579
154 0.26 0.8 2 1.30035 -0.109633
155 0.25 0.8 0 0.718091 -0.0931276
155 0.25 0.8 1 0.984656 -0.0993632
155 0.25 0.8 2 1.29502 -0.100465
156 0.24 0.8 0 0.714524 -0.152912
156 0.24 0.8 1 0.971384 -0.0947163
156 0.24 0.8 2 1.31346 -0.070613
157 0.23 0.8 0 0.699403 -0.126993
157 0.23 0.8 1 1.00626 -0.10127
157 0.23 0.8 2 1.29236 -0.0823618
158 0.22 0.8 0 0.685158 -0.109199
158 0.22 0.8 1 1.0182 -0.110668
158 0.22 0.8 2 1.29475 -0.0808699
159 0.21 0.8 0 0.695581 -0.105015
159 0.21 0.8 1 0.989107 -0.0939899
159 0.21 0.8 2 1.31318 -0.0983953
160 0.2 0.8 0 0.696484 -0.0701018
160 0.2 0.8 1 0.992377 -0.0959373
160 0.2 0.8 2 1.30932 -0.115549
161 0.19 0.8 0 0.689494 -0.0959235
161 0.19 0.8 1 1.00888 -0.0765655
161 0.19 0.8 2 1.30002 -0.116578
162 0.18 0.8 0 0.714237 -0.119603
162 0.18 0.8 1 0.983279 -0.0729723
162 0.18 0.8 2 1.3009 -0.105622
163 0.17 0.8 0 0.6841 -0.139764
163 0.17 0.8 1 1.00872 -0.102177
163 0.17 0.8 2 1.30597 -0.0730855
164 0.16 0.8 0 0.718477 -0.0623021
164 0.16 0.8 1 0.986823 -0.111939
164 0.16 0.8 2 1.29297 -0.106299
165 0.15 0.8 0 0.707684 -0.0913579
165 0.15 0.8 1 0.985753 -0.13233
165 0.15 0.8 2 1.30542 -0.0776687
166 0.14 0.8 0 0.669376 -0.0829267
166 0.14 0.8 1 0.982031 -0.104515
166 0.14 0.8 2 1.34677 -0.100939
167 0.13 0.8 0 0.68116 -0.110497
167 0.13 0.8 1 0.98524 -0.0987019
167 0.13 0.8 2 1.33165 -0.0932945
168 0.12 0.8 0 0.662243 -0.119257
168 0.12 0.8 1 1.01009 -0.0998267
168 0.12 0.8 2 1.3258 -0.0889833
169 0.11 0.8 0 0.676555 -0.130068
169 0.11 0.8 1 0.987812 -0.101061
169 0.11 0.8 2 1.33409 -0.0797486
170 0.1 0.8 0 0.655428 -0.0839437
170 0.1 0.8 1 0.99047 -0.111413
170 0.1 0.8 2 1.3522 -0.0943017
171 0.09 0.8 0 0.658726 -0.0931239
171 0.09 0.8 1 0.978652 -0.100465
171 0.09 0.8 2 1.36029 -0.100815
172 0.08 0.8 0 0.689335 -0.102473
172 0.08 0.8 1 1.01014 -0.109859
172 0.08 0.8 2 1.29861 -0.0870105
173 0.07 0.8 0 0.664085 -0.124729
173 0.07 0.8 1 0.955579 -0.0847824
173 0.07 0.8 2 1.37853 -0.0940851
174 0.06 0.8 0 0.649285 -0.131539
174 0.06 0.8 1 1.01022 -0.0931453
174 0.06 0.8 2 1.33885 -0.0866941
175 0.05 0.8 0 0.653472 -0.114062
175 0.05 0.8 1 1.01246 -0.112558
175 0.05 0.8 2 1.33228 -0.0813009
176 0.04 0.8 0 0.644393 -0.109552
176 0.04 0.8 1 1.00493 -0.0946106
176 0.04 0.8 2 1.34854 -0.096607
177 0.03 0.8 0 0.651151 -0.100208
177 0.03 0.8 1 0.992243 -0.0909811
177 0.03 0.8 2 1.3544 -0.102494
178 0.02 0.8 0 0.638681 -0.115655
178 0.02 0.8 1 1.0065 -0.0895602
178 0.02 0.8 2 1.3529 -0.0979177
179 0.01 0.8 0 0.618452 -0.112827
179 0.01 0.8 1 1.02854 -0.0852264
179 0.01 0.8 2 1.35104 -0.102003
180 0 0.8 0 0.650058 0.00947462
180 0 0.8 1 1.00552 -0.000384054
180 0 0.8 2 1.34228 -0.0026426
181 0 0.79 0 0.638213 0.00324052
181 0 0.79 1 1.02434 -0.0269907
181 0 0.79 2 1.33594 0.0186221
182 0 0.78 0 0.649105 0.0347422
182 0 0.78 1 0.984055 -0.0217397
182 0 0.78 2 1.3655 -0.00164383
183 0 0.77 0 0.663686 -0.0177653
183 0 0.77 1 0.966143 0.010171
183 0 0.77 2 1.36835 0.000958342
184 0 0.76 0 0.636564 -0.011167
184 0 0.76 1 1.00093 0.00439242
184 0 0.76 2 1.3605 0.00173628
185 0 0.75 0 0.626076 -0.0173308
185 0 0.75 1 1.02461 -0.00478162
185 0 0.75 2 1.34746 0.0107748
186 0 0.74 0 0.605501 0.00718935
186 0 0.74 1 1.03284 -0.00398436
186 0 0.74 2 1.35977 0.000313631
187 0 0.73 0 0.640212 -0.0440442
187 0 0.73 1 0.982275 0.0106077
187 0 0.73 2 1.37615 0.0134222
188 0 0.72 0 0.62216 0.0233638
188 0 0.72 1 1.01803 -0.0339419
188 0 0.72 2 1.35874 0.0135757
189 0 0.71 0 0.61953 0.0192955
189 0 0.71 1 0.990338 0.00844597
189 0 0.71 2 1.38856 -0.014467
190 0 0.7 0 0.634292 0.00674759
190 0 0.7 1 0.977181 0.016686
190 0 0.7 2 1.38691 -0.0136619
191 0 0.69 0 0.644849 0.00428694
191 0 0.69 1 1.00417 0.0110626
191 0 0.69 2 1.34914 -0.0105006
192 0 0.68 0 0.631196 0.0367797
192 0 0.68 1 0.989293 -0.0215573
192 0 0.68 2 1.37811 -0.00103435
193 0 0.67 0 0.623558 -0.00158354
193 0 0.67 1 0.999542 0.0112897
193 0 0.67 2 1.37504 -0.00633725
194 0 0.66 0 0.625144 -0.0354117
194 0 0.66 1 0.975843 0.00352339
194 0 0.66 2 1.39759 0.0142439
195 0 0.65 0 0.672592 0.01384
195 0 0.65 1 0.98525 -0.0199972
195 0 0.65 2 1.34047 0.00793779
196 0 0.64 0 0.639067 -0.00115505
196 0 0.64 1 0.999705 0.00300737
196 0 0.64 2 1.35911 -0.0015403
197 0 0.63 0 0.642533 0.0147261
197 0 0.63 1 0.996095 -0.000908584
197 0 0.63 2 1.35949 -0.0049903
198 0 0.62 0 0.608325 0.020193
198 0 0.62 1 1.02357 -0.027798
198 0 0.62 2 1.36685 0.0117941
199 0 0.61 0 0.631264 0.0346327
199 0 0.61 1 0.983885 -0.00113111
199 0 0.61 2 1.3835 -0.0143558
200 0 0.6 0 0.67667 0.020554
200 0 0.6 1 0.994856 -0.003324
200 0 0.6 2 1.32648 -0.00896425
201 0 0.59 0 0.638542 0.037891
201 0 0.59 1 1.0119 0.00403722
201 0 0.59 2 1.3483 -0.0213574
202 0 0.58 0 0.668487 -0.0328771
202 0 0.58 1 0.980696 0.011473
202 0 0.58 2 1.34907 0.00582334
203 0 0.57 0 0.643451 0.0473745
203 0 0.57 1 1.01878 -0.0166597
203 0 0.57 2 1.33674 -0.0120528
204 0 0.56 0 0.643083 0.0109973
204 0 0.56 1 0.984092 0.00926657
204 0 0.56 2 1.37112 -0.0114597
205 0 0.55 0 0.609193 -0.00728302
205 0 0.55 1 0.98372 0.0242089
205 0 0.55 2 1.40563 -0.0146777
206 0 0.54 0 0.631731 -0.0263157
206 0 0.54 1 0.994226 0.0145251
206 0 0.54 2 1.37228 0.00175138
207 0 0.53 0 0.649152 -0.0505661
207 0 0.53 1 1.01147 0.0208902
207 0 0.53 2 1.33863 0.00927489
208 0 0.52 0 0.622282 -0.0320395
208 0 0.52 1 1.04359 0.00876571
208 0 0.52 2 1.33216 0.00751872
209 0 0.51 0 0.663917 0.036658
209 0 0.51 1 0.976204 0.0106455
209 0 0.51 2 1.35878 -0.0256857
210 0 0.5 0 0.630474 0.000533333
210 0 0.5 1 0.972489 -0.016675
210 0 0.5 2 1.39529 0.0125223
211 0 0.49 0 0.677128 -0.0100587
211 0 0.49 1 0.975791 0.0154234
211 0 0.49 2 1.34519 -0.00653585
212 0 0.48 0 0.662075 -0.0140586
212 0 0.48 1 0.969306 0.0196925
212 0 0.48 2 1.36672 -0.00629364
213 0 0.47 0 0.681659 0.00646027
213 0 0.47 1 0.990668 -0.0171778
213 0 0.47 2 1.32599 0.00964205
214 0 0.46 0 0.628261 0.0218875
214 0 0.46 1 1.02762 -0.000708859
214 0 0.46 2 1.34233 -0.00919781
215 0 0.45 0 0.644414 0.00947839
215 0 0.45 1 0.990386 0.00921673
215 0 0.45 2 1.36344 -0.0101132
216 0 0.44 0 0.626462 -0.00832677
216 0 0.44 1 0.978701 0.000396171
216 0 0.44 2 1.39284 0.00351024
217 0 0.43 0 0.624234 0.000660671
217 0 0.43 1 1.01117 0.0190877
217 0 0.43 2 1.36294 -0.0131495
218 0 0.42 0 0.694918 0.0241824
218 0 0.42 1 0.991964 -0.0192037
218 0 0.42 2 1.31122 0.000622906
219 0 0.41 0 0.655224 0.0113651
219 0 0.41 1 0.988986 -0.00173419
219 0 0.41 2 1.35391 -0.00490615
220 0 0.4 0 0.624416 -0.00256961
220 0 0.4 1 1.00827 0.00831856
220 0 0.4 2 1.36525 -0.00403484
221 0 0.39 0 0.64253 0.00859174
221 0 0.39 1 0.985907 -0.00673861
221 0 0.39 2 1.3696 -0.00175498
222 0 0.38 0 0.659738 0.00846353
222 0 0.38 1 0.976151 -0.0268182
222 0 0.38 2 1.36277 0.0149035
223 0 0.37 0 0.655977 -0.0338409
223 0 0.37 1 0.994192 0.0291737
223 0 0.37 2 1.34886 -0.00488092
224 0 0.36 0 0.608118 -0.0295579
224 0 0.36 1 1.02257 -0.00936051
224 0 0.36 2 1.36781 0.0209394
225 0 0.35 0 0.632425 0.0185965
225 0 0.35 1 0.967461 -0.0297448
225 0 0.35 2 1.39882 0.0124599
226 0 0.34 0 0.633186 -0.0616691
226 0 0.34 1 1.00394 -0.00775844
226 0 0.34 2 1.36293 0.0338006
227 0 0.33 0 0.650732 0.00927886
227 0 0.33 1 1.00155 -0.0293337
227 0 0.33 2 1.34642 0.0170979
228 0 0.32 0 0.622905 -0.0115233
228 0 0.32 1 0.993471 0.0160752
228 0 0.32 2 1.38189 -0.00549769
229 0 0.31 0 0.629211 0.00357679
229 0 0.31 1 1.01045 0.0313517
229 0 0.31 2 1.35941 -0.0250382
230 0 0.3 0 0.656589 0.0224179
230 0 0.3 1 0.977277 -0.00731004
230 0 0.3 2 1.36433 -0.00585262
231 0 0.29 0 0.653861 -0.029457
231 0 0.29 1 0.999822 0.0472999
231 0 0.29 2 1.3458 -0.0194073
232 0 0.28 0 0.647557 -0.0381307
232 0 0.28 1 0.992652 -0.0306229
232 0 0.28 2 1.35975 0.0414109
233 0 0.27 0 0.654767 0.00103229
233 0 0.27 1 0.998196 -0.00757474
233 0 0.27 2 1.3451 0.00527413
234 0 0.26 0 0.622399 0.0140968
234 0 0.26 1 1.00418 0.0151462
234 0 0.26 2 1.37184 -0.0171346
235 0 0.25 0 0.63587 0.0276407
235 0 0.25 1 0.998266 -0.0105996
235 0 0.25 2 1.36409 -0.00501355
236 0 0.24 0 0.635729 -0.0133272
236 0 0.24 1 0.998908 0.0116777
236 0 0.24 2 1.36357 -0.00309206
237 0 0.23 0 0.631222 0.020815
237 0 0.23 1 0.993367 0.000827319
237 0 0.23 2 1.37375 -0.0110501
238 0 0.22 0 0.639795 -0.00181633
238 0 0.22 1 0.991496 -0.0197577
238 0 0.22 2 1.36711 0.0145762
239 0 0.21 0 0.638848 0.0105354
239 0 0.21 1 0.996943 -0.0130765
239 0 0.21 2 1.36224 0.00332762
240 0 0.2 0 0.623578 -0.0533039
240 0 0.2 1 1.03536 0.019026
240 0 0.2 2 1.34013 0.0106853
241 0 0.19 0 0.645918 0.0288158
241 0 0.19 1 1.00953 -0.0149905
241 0 0.19 2 1.3429 -0.00290957
242 0 0.18 0 0.625873 0.00183494
242 0 0.18 1 1.00939 0.0042341
242 0 0.18 2 1.36289 -0.00282867
243 0 0.17 0 0.620265 0.0268177
243 0 0.17 1 0.997961 -0.00745259
243 0 0.17 2 1.3801 -0.00702913
244 0 0.16 0 0.652379 0.0365712
244 0 0.16 1 0.998595 0.00631151
244 0 0.16 2 1.34782 -0.0219985
245 0 0.15 0 0.671045 -0.0184103
245 0 0.15 1 0.979607 -0.00953686
245 0 0.15 2 1.34764 0.014203
246 0 0.14 0 0.640569 -0.0293393
246 0 0.14 1 0.98848 0.0171533
246 0 0.14 2 1.36946 0.00162184
247 0 0.13 0 0.668841 0.0301295
247 0 0.13 1 0.99466 -0.028749
247 0 0.13 2 1.33515 0.00643032
248 0 0.12 0 0.645314 0.0121534
248 0 0.12 1 1.01496 0.00329608
248 0 0.12 2 1.33777 -0.00691339
249 0 0.11 0 0.675481 0.0204568
249 0 0.11 1 0.986647 -0.00609504
249 0 0.11 2 1.33606 -0.00645843
250 0 0.1 0 0.622021 -0.0483813
250 0 0.1 1 1.00567 -0.0130307
250 0 0.1 2 1.37178 0.0317171
251 0 0.09 0 0.660935 0.0506085
251 0 0.09 1 0.980174 -0.0350806
251 0 0.09 2 1.358 0.00114584
252 0 0.08 0 0.636214 -0.0234358
252 0 0.08 1 1.04324 -0.0189048
252 0 0.08 2 1.31935 0.0264418
253 0 0.07 0 0.656047 -0.00361455
253 0 0.07 1 1.0105 -0.00834749
253 0 0.07 2 1.33156 0.00769348
254 0 0.06 0 0.638389 -0.0303103
254 0 0.06 1 0.99943 0.00133896
254 0 0.06 2 1.36047 0.0125967
255 0 0.05 0 0.594372 -0.00935874
255 0 0.05 1 1.00274 0.000305721
255 0 0.05 2 1.40091 0.00502365
256 0 0.04 0 0.654669 0.00232929
256 0 0.04 1 0.997794 -0.00253232
256 0 0.04 2 1.34545 0.00155002
257 0 0.03 0 0.623072 -0.015722
257 0 0.03 1 0.990541 0.041092
257 0 0.03 2 1.38554 -0.0238576
258 0 0.02 0 0.63313 0.000138489
258 0 0.02 1 0.981316 -0.00794026
258 0 0.02 2 1.3833 0.00684376
259 0 0.01 0 0.617052 -0.000463221
259 0 0.01 1 1.02015 -0.0175967
259 0 0.01 2 1.36122 0.0138394
