0 0 0 0 0.962299 -2.68255
0 0 0 1 1.01997 0.238497
0 0 0 2 1.11354 0.88019
1 0.01 0 0 0.95965 -0.0518053
1 0.01 0 1 1.02643 2.96626
1 0.01 0 2 1.04725 -0.488838
2 0.02 0 0 0.986541 0.0955336
2 0.02 0 1 1.00064 -0.14333
2 0.02 0 2 1.04797 3.03686
3 0.03 0 0 0.993977 0.49641
3 0.03 0 1 1.00458 -0.185839
3 0.03 0 2 1.00489 3.00322
4 0.04 0 0 0.947436 -0.121083
4 0.04 0 1 0.986956 0.15006
4 0.04 0 2 1.08798 -3.04202
5 0.05 0 0 0.984249 0.218465
5 0.05 0 1 0.987693 0.00185234
5 0.05 0 2 1.03025 -0.286096
6 0.06 0 0 0.957853 -3.02481
6 0.06 0 1 0.959604 -0.342801
6 0.06 0 2 1.05975 0.972849
7 0.07 0 0 0.942429 -0.0675999
7 0.07 0 1 0.948164 -0.533058
7 0.07 0 2 1.13836 3.03397
8 0.08 0 0 0.969517 2.3966
8 0.08 0 1 1.00315 0.00328611
8 0.08 0 2 1.04638 -0.916638
9 0.09 0 0 0.962284 -0.459694
9 0.09 0 1 1.02847 -2.96175
9 0.09 0 2 1.03997 0.191534
10 0.1 0 0 1.00137 0.853521
10 0.1 0 1 1.02124 -0.0363651
10 0.1 0 2 1.06865 0.253177
11 0.11 0 0 0.938223 -0.0665283
11 0.11 0 1 1.04146 -0.366024
11 0.11 0 2 1.04159 2.86122
12 0.12 0 0 0.988295 -0.260923
12 0.12 0 1 1.02673 0.47534
12 0.12 0 2 1.02945 2.99618
13 0.13 0 0 0.893826 0.0407791
13 0.13 0 1 1.04272 0.471813
13 0.13 0 2 1.13762 -0.119851
14 0.14 0 0 0.936578 -1.19603
14 0.14 0 1 0.998553 -0.00275034
14 0.14 0 2 1.02537 -0.406683
15 0.15 0 0 0.994224 -0.00545696
15 0.15 0 1 1.01404 0.814373
15 0.15 0 2 1.01488 -1.04501
16 0.16 0 0 1.0067 1.80961
16 0.16 0 1 1.05618 0.0757649
16 0.16 0 2 1.06029 -0.0248519
17 0.17 0 0 0.952379 0.425693
17 0.17 0 1 0.952636 -3.13141
17 0.17 0 2 1.06932 -0.14873
18 0.18 0 0 0.993884 0.000800155
18 0.18 0 1 1.00791 -0.0825799
18 0.18 0 2 1.02302 -1.33678
19 0.19 0 0 0.94987 0.768147
19 0.19 0 1 1.00522 -0.206266
19 0.19 0 2 1.04094 2.89958
20 0.2 0 0 1.004 0.833432
20 0.2 0 1 1.01062 -3.11947
20 0.2 0 2 1.01687 -0.150321
21 0.21 0 0 0.959724 1.08318
21 0.21 0 1 1.006 -0.04991
21 0.21 0 2 1.11172 2.75387
22 0.22 0 0 0.969406 -0.598121
22 0.22 0 1 1.02538 0.0966864
22 0.22 0 2 1.02669 -2.89564
23 0.23 0 0 0.951753 0.0725719
23 0.23 0 1 1.02706 -0.259712
23 0.23 0 2 1.10067 2.69046
24 0.24 0 0 0.963756 0.0952836
24 0.24 0 1 1.00904 0.508627
24 0.24 0 2 1.07895 -0.348827
25 0.25 0 0 0.993423 -2.97316
25 0.25 0 1 1.02135 0.0433495
25 0.25 0 2 1.04567 2.12571
26 0.26 0 0 0.95325 -2.46751
26 0.26 0 1 1.01024 0.497417
26 0.26 0 2 1.01451 -3.03516
27 0.27 0 0 0.950755 -0.490105
27 0.27 0 1 1.04167 -0.705165
27 0.27 0 2 1.06947 2.57603
28 0.28 0 0 0.973925 3.06267
28 0.28 0 1 0.995786 -1.19933
28 0.28 0 2 1.04203 -2.79517
29 0.29 0 0 0.975638 1.1039
29 0.29 0 1 1.00089 2.59692
29 0.29 0 2 1.05725 -2.12265
30 0.3 0 0 0.950741 0.368179
30 0.3 0 1 1.04297 1.04815
30 0.3 0 2 1.04495 -0.659541
31 0.31 0 0 0.951084 -0.0633556
31 0.31 0 1 1.01069 -3.11416
31 0.31 0 2 1.0828 2.52871
32 0.32 0 0 0.987898 -2.98366
32 0.32 0 1 0.996101 0.00940778
32 0.32 0 2 1.01938 -0.748674
33 0.33 0 0 0.983043 -0.179053
33 0.33 0 1 1.01473 -3.11222
33 0.33 0 2 1.01686 2.94278
34 0.34 0 0 0.905971 3.09152
34 0.34 0 1 1.05106 -3.04966
34 0.34 0 2 1.062 0.171094
35 0.35 0 0 0.970445 -0.643241
35 0.35 0 1 1.00536 0.353094
35 0.35 0 2 1.06843 -2.10922
36 0.36 0 0 0.919002 0.0326162
36 0.36 0 1 1.02464 2.04967
36 0.36 0 2 1.08634 -0.201741
37 0.37 0 0 0.968267 2.31666
37 0.37 0 1 0.991258 -0.686972
37 0.37 0 2 1.05285 -0.181222
38 0.38 0 0 0.98554 0.0821361
38 0.38 0 1 1.00239 -1.0185
38 0.38 0 2 1.06471 -2.58043
39 0.39 0 0 0.956051 -1.06179
39 0.39 0 1 0.97369 0.312918
39 0.39 0 2 1.0492 -0.00973295
40 0.4 0 0 0.989773 -0.13602
40 0.4 0 1 1.0017 -2.17328
40 0.4 0 2 1.02013 3.03269
41 0.41 0 0 0.986084 -3.11142
41 0.41 0 1 1.00485 -3.05816
41 0.41 0 2 1.03687 -2.17196
42 0.42 0 0 0.954015 2.96524
42 0.42 0 1 1.00452 -0.654078
42 0.42 0 2 1.12459 -0.0422795
43 0.43 0 0 0.966051 0.508957
43 0.43 0 1 1.02037 -0.159937
43 0.43 0 2 1.05298 0.707093
44 0.44 0 0 0.937377 -0.104175
44 0.44 0 1 1.03723 -0.366104
44 0.44 0 2 1.03742 0.209237
45 0.45 0 0 0.969033 -1.15163
45 0.45 0 1 1.009 -0.364982
45 0.45 0 2 1.0408 2.28399
46 0.46 0 0 0.959817 2.88747
46 0.46 0 1 0.971976 0.528559
46 0.46 0 2 1.09734 -0.0423653
47 0.47 0 0 0.935389 -2.8197
47 0.47 0 1 0.99426 0.37988
47 0.47 0 2 1.18327 0.381385
48 0.48 0 0 0.978901 -2.84646
48 0.48 0 1 1.02239 0.139053
48 0.48 0 2 1.04417 3.02977
49 0.49 0 0 0.952159 -0.13885
49 0.49 0 1 1.02569 0.475823
49 0.49 0 2 1.03871 0.120477
50 0.5 0 0 0.994735 -0.34602
50 0.5 0 1 1.01925 -0.863701
50 0.5 0 2 1.0715 0.0348887
51 0.5 0.01 0 0.987036 3.06579
51 0.5 0.01 1 0.988548 -0.03641
51 0.5 0.01 2 1.0102 -2.92861
52 0.5 0.02 0 0.994125 3.06345
52 0.5 0.02 1 1.02479 -1.92939
52 0.5 0.02 2 1.04884 -3.09954
53 0.5 0.03 0 0.947251 -0.166169
53 0.5 0.03 1 1.03099 2.80933
53 0.5 0.03 2 1.04738 -2.16843
54 0.5 0.04 0 0.989511 -0.226973
54 0.5 0.04 1 0.992519 0.803274
54 0.5 0.04 2 1.017 -0.0311641
55 0.5 0.05 0 0.961024 2.78203
55 0.5 0.05 1 1.01209 -3.05166
55 0.5 0.05 2 1.07537 0.188131
56 0.5 0.06 0 0.956757 2.78204
56 0.5 0.06 1 1.00509 -3.06864
56 0.5 0.06 2 1.05612 2.94919
57 0.5 0.07 0 0.972652 0.413075
57 0.5 0.07 1 1.01717 -0.210189
57 0.5 0.07 2 1.02903 2.80535
58 0.5 0.08 0 0.936898 -0.518723
58 0.5 0.08 1 0.98067 -0.104914
58 0.5 0.08 2 1.15604 0.302776
59 0.5 0.09 0 0.950488 -3.03224
59 0.5 0.09 1 0.998233 2.76594
59 0.5 0.09 2 1.1721 0.273898
60 0.5 0.1 0 0.977457 3.01043
60 0.5 0.1 1 0.977604 -0.420709
60 0.5 0.1 2 1.04854 -2.0901
61 0.5 0.11 0 0.954345 -1.13512
61 0.5 0.11 1 1.01215 -0.0388719
61 0.5 0.11 2 1.08885 -2.89237
62 0.5 0.12 0 0.968115 -2.84982
62 0.5 0.12 1 1.00762 0.157969
62 0.5 0.12 2 1.01612 -0.35292
63 0.5 0.13 0 0.963796 0.691459
63 0.5 0.13 1 0.990013 -0.0133074
63 0.5 0.13 2 1.08762 -0.568195
64 0.5 0.14 0 0.987514 2.85324
64 0.5 0.14 1 0.997633 0.207892
64 0.5 0.14 2 1.00523 -0.2148
65 0.5 0.15 0 0.940988 -2.96503
65 0.5 0.15 1 0.990273 0.0282419
65 0.5 0.15 2 1.04678 -0.861109
66 0.5 0.16 0 0.937531 0.337307
66 0.5 0.16 1 0.986669 2.94949
66 0.5 0.16 2 1.04937 -2.8274
67 0.5 0.17 0 0.969232 -0.354121
67 0.5 0.17 1 1.01316 2.1611
67 0.5 0.17 2 1.0456 -2.82409
68 0.5 0.18 0 0.948887 0.754918
68 0.5 0.18 1 1.04205 -0.123927
68 0.5 0.18 2 1.06925 -1.28943
69 0.5 0.19 0 0.938922 0.367284
69 0.5 0.19 1 0.986905 3.09662
69 0.5 0.19 2 1.1495 -2.79256
70 0.5 0.2 0 0.984396 -0.197696
70 0.5 0.2 1 1.00247 2.78331
70 0.5 0.2 2 1.02294 -0.839779
71 0.5 0.21 0 0.950225 0.115903
71 0.5 0.21 1 1.02278 0.791326
71 0.5 0.21 2 1.0507 -0.256952
72 0.5 0.22 0 0.93641 -0.32785
72 0.5 0.22 1 0.957201 0.448554
72 0.5 0.22 2 1.04104 3.06367
73 0.5 0.23 0 0.96949 0.0179239
73 0.5 0.23 1 1.02162 3.0819
73 0.5 0.23 2 1.05127 2.15752
74 0.5 0.24 0 0.929538 1.15066
74 0.5 0.24 1 1.00195 3.11988
74 0.5 0.24 2 1.0485 -0.749732
75 0.5 0.25 0 0.929518 -0.636755
75 0.5 0.25 1 0.973202 0.192763
75 0.5 0.25 2 1.09039 -3.12322
76 0.5 0.26 0 0.985697 -0.40426
76 0.5 0.26 1 0.997368 0.525603
76 0.5 0.26 2 1.02142 1.8846
77 0.5 0.27 0 0.948284 -2.87215
77 0.5 0.27 1 0.976571 2.48327
77 0.5 0.27 2 1.15028 -1.44825
78 0.5 0.28 0 0.966218 -3.03714
78 0.5 0.28 1 0.99009 3.0508
78 0.5 0.28 2 1.08944 2.52341
79 0.5 0.29 0 0.981285 0.176484
79 0.5 0.29 1 0.998091 -0.0677424
79 0.5 0.29 2 1.06087 0.590001
80 0.5 0.3 0 1.00036 -0.150645
80 0.5 0.3 1 1.00165 -0.513762
80 0.5 0.3 2 1.04681 2.69835
81 0.5 0.31 0 0.962159 -0.0133042
81 0.5 0.31 1 1.00281 -2.80601
81 0.5 0.31 2 1.03269 0.67242
82 0.5 0.32 0 0.984853 0.0451301
82 0.5 0.32 1 0.994834 2.67764
82 0.5 0.32 2 1.05346 -0.416799
83 0.5 0.33 0 0.980996 -0.701753
83 0.5 0.33 1 0.990167 3.09085
83 0.5 0.33 2 1.03888 2.1281
84 0.5 0.34 0 0.972224 -0.0843836
84 0.5 0.34 1 1.02338 0.978158
84 0.5 0.34 2 1.04073 -0.385648
85 0.5 0.35 0 0.998507 -0.0572473
85 0.5 0.35 1 1.00401 -1.27493
85 0.5 0.35 2 1.00901 0.648536
86 0.5 0.36 0 0.947791 -0.0238749
86 0.5 0.36 1 1.04547 1.12268
86 0.5 0.36 2 1.06694 -0.24564
87 0.5 0.37 0 0.980849 0.819901
87 0.5 0.37 1 0.982115 -0.179792
87 0.5 0.37 2 1.03321 2.84475
88 0.5 0.38 0 0.905829 2.96945
88 0.5 0.38 1 1.02235 -0.861355
88 0.5 0.38 2 1.05735 -0.00570804
89 0.5 0.39 0 0.978418 -0.136627
89 0.5 0.39 1 0.982945 -0.63149
89 0.5 0.39 2 1.02485 0.039315
90 0.5 0.4 0 0.890425 -0.636601
90 0.5 0.4 1 1.01295 -0.043576
90 0.5 0.4 2 1.22889 1.28829
91 0.5 0.41 0 0.945582 2.56204
91 0.5 0.41 1 1.04942 2.95637
91 0.5 0.41 2 1.06547 -0.808503
92 0.5 0.42 0 0.879548 0.519403
92 0.5 0.42 1 1.02739 3.00563
92 0.5 0.42 2 1.08385 0.0179839
93 0.5 0.43 0 0.938771 -0.191829
93 0.5 0.43 1 1.03266 -0.0153938
93 0.5 0.43 2 1.06673 3.00501
94 0.5 0.44 0 0.972999 0.57531
94 0.5 0.44 1 1.00685 -2.48402
94 0.5 0.44 2 1.08971 -3.10871
95 0.5 0.45 0 0.948838 2.4911
95 0.5 0.45 1 0.979118 -1.02941
95 0.5 0.45 2 1.10473 -0.313451
96 0.5 0.46 0 0.999263 -2.69527
96 0.5 0.46 1 1.01831 2.98629
96 0.5 0.46 2 1.03809 -2.24493
97 0.5 0.47 0 0.973565 0.262306
97 0.5 0.47 1 0.999755 -0.0691233
97 0.5 0.47 2 1.04095 -0.504572
98 0.5 0.48 0 0.941405 -2.89914
98 0.5 0.48 1 0.97231 2.67093
98 0.5 0.48 2 1.07525 -2.69209
99 0.5 0.49 0 0.970794 2.74914
99 0.5 0.49 1 1.02247 0.240442
99 0.5 0.49 2 1.03926 -0.468172
100 0.5 0.5 0 0.973393 -2.19377
100 0.5 0.5 1 0.984376 -3.07988
100 0.5 0.5 2 1.05078 2.56552
101 0.5 0.51 0 0.983637 3.04045
101 0.5 0.51 1 1.0051 -1.1234
101 0.5 0.51 2 1.02695 2.11309
102 0.5 0.52 0 0.969148 -2.84153
102 0.5 0.52 1 1.00022 -0.0346572
102 0.5 0.52 2 1.02633 0.731754
103 0.5 0.53 0 0.943475 0.037606
103 0.5 0.53 1 0.981353 -0.328096
103 0.5 0.53 2 1.18065 3.13844
104 0.5 0.54 0 0.917604 -0.305503
104 0.5 0.54 1 1.023 0.603016
104 0.5 0.54 2 1.12236 -0.23296
105 0.5 0.55 0 0.991443 2.98841
105 0.5 0.55 1 1.02526 -3.09675
105 0.5 0.55 2 1.02575 2.14788
106 0.5 0.56 0 0.929374 -2.22143
106 0.5 0.56 1 1.02033 -2.89443
106 0.5 0.56 2 1.06527 2.82
107 0.5 0.57 0 0.94872 -0.170082
107 0.5 0.57 1 1.0206 0.0505135
107 0.5 0.57 2 1.07742 -0.549716
108 0.5 0.58 0 0.955829 1.48501
108 0.5 0.58 1 1.03216 -0.17293
108 0.5 0.58 2 1.1108 0.227755
109 0.5 0.59 0 0.933412 -0.190525
109 0.5 0.59 1 0.986288 2.74712
109 0.5 0.59 2 1.19144 -1.36766
110 0.5 0.6 0 0.930584 -3.13726
110 0.5 0.6 1 0.977416 -2.37842
110 0.5 0.6 2 1.14512 0.589311
111 0.5 0.61 0 0.971344 -0.670475
111 0.5 0.61 1 1.00287 -0.062856
111 0.5 0.61 2 1.06018 -1.22295
112 0.5 0.62 0 1.00689 0.515612
112 0.5 0.62 1 1.00985 -0.275498
112 0.5 0.62 2 1.03031 -3.00458
113 0.5 0.63 0 0.949821 -0.515155
113 0.5 0.63 1 1.01759 -0.349577
113 0.5 0.63 2 1.03722 2.72445
114 0.5 0.64 0 0.964718 -2.89801
114 0.5 0.64 1 0.964749 -1.84021
114 0.5 0.64 2 1.09769 0.429247
115 0.5 0.65 0 0.953456 0.123897
115 0.5 0.65 1 1.01425 -0.347338
115 0.5 0.65 2 1.11426 -0.633128
116 0.5 0.66 0 0.996487 -0.290262
116 0.5 0.66 1 1.02005 -0.0353357
116 0.5 0.66 2 1.04352 -0.768056
117 0.5 0.67 0 0.976534 -0.0145648
117 0.5 0.67 1 0.99549 -0.514313
117 0.5 0.67 2 1.07344 3.08052
118 0.5 0.68 0 0.992666 -3.03649
118 0.5 0.68 1 0.994015 -0.0888776
118 0.5 0.68 2 1.02478 0.994802
119 0.5 0.69 0 0.919277 0.0512337
119 0.5 0.69 1 1.02422 2.7672
119 0.5 0.69 2 1.09339 -0.283042
120 0.5 0.7 0 0.947233 -0.228863
120 0.5 0.7 1 1.03887 2.76293
120 0.5 0.7 2 1.07211 -2.61055
121 0.5 0.71 0 0.99269 0.0444974
121 0.5 0.71 1 0.993775 -0.91894
121 0.5 0.71 2 1.00276 -3.05151
122 0.5 0.72 0 0.927376 -1.5325
122 0.5 0.72 1 1.00463 -0.337965
122 0.5 0.72 2 1.04529 0.532618
123 0.5 0.73 0 0.984435 -0.70952
123 0.5 0.73 1 1.00151 2.89017
123 0.5 0.73 2 1.05094 0.81068
124 0.5 0.74 0 1.00098 1.06233
124 0.5 0.74 1 1.00195 -2.51463
124 0.5 0.74 2 1.00922 -0.0162836
125 0.5 0.75 0 0.94123 -0.839948
125 0.5 0.75 1 1.01774 0.0694397
125 0.5 0.75 2 1.10041 -2.9998
126 0.5 0.76 0 0.940886 2.20765
126 0.5 0.76 1 1.00597 -0.533432
126 0.5 0.76 2 1.07834 -0.00539606
127 0.5 0.77 0 0.990396 -2.88196
127 0.5 0.77 1 1.01272 2.25664
127 0.5 0.77 2 1.03128 3.02196
128 0.5 0.78 0 0.970138 0.572845
128 0.5 0.78 1 0.998962 0.144426
128 0.5 0.78 2 1.04973 -2.70945
129 0.5 0.79 0 0.971149 -0.32683
129 0.5 0.79 1 0.997354 0.041634
129 0.5 0.79 2 1.03672 2.36438
130 0.5 0.8 0 0.943761 0.163053
130 0.5 0.8 1 1.04525 -2.3855
130 0.5 0.8 2 1.12946 -0.285292
131 0.49 0.8 0 0.940341 -0.0917359
131 0.49 0.8 1 0.96115 0.917463
131 0.49 0.8 2 1.25894 -3.02919
132 0.48 0.8 0 0.957882 -0.606227
132 0.48 0.8 1 0.99461 -0.0479853
132 0.48 0.8 2 1.13341 -3.00984
133 0.47 0.8 0 0.940333 -0.470383
133 0.47 0.8 1 0.976198 -0.133658
133 0.47 0.8 2 1.19662 2.55788
134 0.46 0.8 0 0.950232 -2.77451
134 0.46 0.8 1 1.00215 1.5967
134 0.46 0.8 2 1.03635 -0.390929
135 0.45 0.8 0 0.98038 2.99274
135 0.45 0.8 1 1.01386 0.181558
135 0.45 0.8 2 1.0221 -1.758
136 0.44 0.8 0 0.957981 -0.247218
136 0.44 0.8 1 1.03363 0.210545
136 0.44 0.8 2 1.08754 -3.11339
137 0.43 0.8 0 0.951983 0.202018
137 0.43 0.8 1 0.997161 -2.7735
137 0.43 0.8 2 1.11356 -0.214452
138 0.42 0.8 0 0.977057 -0.587519
138 0.42 0.8 1 1.00946 1.60882
138 0.42 0.8 2 1.03457 2.92604
139 0.41 0.8 0 0.962358 0.272302
139 0.41 0.8 1 0.998765 -0.288766
139 0.41 0.8 2 1.12624 2.8414
140 0.4 0.8 0 0.956834 0.048876
140 0.4 0.8 1 1.03829 0.65175
140 0.4 0.8 2 1.16509 -1.98359
141 0.39 0.8 0 0.869873 3.01889
141 0.39 0.8 1 0.988156 -0.116126
141 0.39 0.8 2 1.10854 0.615509
142 0.38 0.8 0 0.999017 -0.587668
142 0.38 0.8 1 1.0098 1.82439
142 0.38 0.8 2 1.05215 -1.04861
143 0.37 0.8 0 0.985524 3.12896
143 0.37 0.8 1 1.00782 -0.243398
143 0.37 0.8 2 1.06286 0.060741
144 0.36 0.8 0 0.958621 -2.8057
144 0.36 0.8 1 1.00707 2.65349
144 0.36 0.8 2 1.05038 -0.0969588
145 0.35 0.8 0 0.994856 0.453775
145 0.35 0.8 1 1.02022 -1.03431
145 0.35 0.8 2 1.02437 -2.91577
146 0.34 0.8 0 0.877375 0.367671
146 0.34 0.8 1 1.06861 -0.13645
146 0.34 0.8 2 1.18261 1.33473
147 0.33 0.8 0 0.956272 -1.21774
147 0.33 0.8 1 1.03432 -0.0739134
147 0.33 0.8 2 1.06888 -0.596829
148 0.32 0.8 0 0.929976 -2.89335
148 0.32 0.8 1 0.9893 -0.507405
148 0.32 0.8 2 1.06174 0.0252561
149 0.31 0.8 0 0.984072 0.18254
149 0.31 0.8 1 0.985813 -0.0751158
149 0.31 0.8 2 1.0691 -3.04279
150 0.3 0.8 0 0.962922 2.59382
150 0.3 0.8 1 0.997614 0.131679
150 0.3 0.8 2 1.0401 -0.171996
151 0.29 0.8 0 0.969614 -0.236208
151 0.29 0.8 1 1.02668 3.11378
151 0.29 0.8 2 1.04051 0.0690769
152 0.28 0.8 0 0.958444 1.19217
152 0.28 0.8 1 1.02424 -0.513497
152 0.28 0.8 2 1.02599 0.129626
153 0.27 0.8 0 0.971291 2.01733
153 0.27 0.8 1 1.01763 0.847648
153 0.27 0.8 2 1.03174 -0.306707
154 0.26 0.8 0 0.976146 -0.173056
154 0.26 0.8 1 0.978985 -0.868563
154 0.26 0.8 2 1.087 2.92015
155 0.25 0.8 0 0.971846 -2.95653
155 0.25 0.8 1 1.00326 -0.0491596
155 0.25 0.8 2 1.02228 0.376179
156 0.24 0.8 0 0.933147 -2.83977
156 0.24 0.8 1 1.01544 -1.08278
156 0.24 0.8 2 1.04175 0.0593802
157 0.23 0.8 0 0.974671 3.01148
157 0.23 0.8 1 1.00195 -0.322528
157 0.23 0.8 2 1.0298 2.30166
158 0.22 0.8 0 0.969187 2.90747
158 0.22 0.8 1 0.997272 -2.17388
158 0.22 0.8 2 1.09265 2.53662
159 0.21 0.8 0 0.998817 3.03148
159 0.21 0.8 1 1.00725 2.31629
159 0.21 0.8 2 1.01239 -2.83844
160 0.2 0.8 0 0.947348 -0.0843364
160 0.2 0.8 1 1.03203 -3.07394
160 0.2 0.8 2 1.05248 0.79041
161 0.19 0.8 0 0.890385 -0.144069
161 0.19 0.8 1 1.01567 -2.85219
161 0.19 0.8 2 1.19707 2.28727
162 0.18 0.8 0 0.94203 -3.12116
162 0.18 0.8 1 1.02827 -0.570694
162 0.18 0.8 2 1.11687 0.0258411
163 0.17 0.8 0 0.958502 -0.220266
163 0.17 0.8 1 1.00802 -2.23034
163 0.17 0.8 2 1.06562 0.0624842
164 0.16 0.8 0 0.998817 -0.252132
164 0.16 0.8 1 0.998891 0.022914
164 0.16 0.8 2 1.02498 2.00438
165 0.15 0.8 0 0.990171 -0.158739
165 0.15 0.8 1 0.990928 -0.0156887
165 0.15 0.8 2 1.0208 -2.9835
166 0.14 0.8 0 0.977427 -3.0941
166 0.14 0.8 1 0.978799 0.542007
166 0.14 0.8 2 1.04528 -0.172644
167 0.13 0.8 0 0.888511 -3.1368
167 0.13 0.8 1 0.992657 -0.69431
167 0.13 0.8 2 1.08301 0.107593
168 0.12 0.8 0 0.935663 -0.74877
168 0.12 0.8 1 0.997319 -0.209013
168 0.12 0.8 2 1.16759 2.45192
169 0.11 0.8 0 0.922875 -0.542067
169 0.11 0.8 1 1.03495 0.288072
169 0.11 0.8 2 1.05069 -0.00388629
170 0.1 0.8 0 0.998496 -0.297429
170 0.1 0.8 1 1.00826 0.830023
170 0.1 0.8 2 1.00867 -0.108703
171 0.09 0.8 0 0.957569 -0.265095
171 0.09 0.8 1 0.978682 0.115935
171 0.09 0.8 2 1.17235 2.87419
172 0.08 0.8 0 0.971564 -0.26691
172 0.08 0.8 1 1.00076 0.0606725
172 0.08 0.8 2 1.05711 -2.79618
173 0.07 0.8 0 0.895886 0.875728
173 0.07 0.8 1 1.00636 0.292844
173 0.07 0.8 2 1.0572 -0.350424
174 0.06 0.8 0 0.885602 -0.75137
174 0.06 0.8 1 0.99582 -0.0747789
174 0.06 0.8 2 1.10159 -1.10556
175 0.05 0.8 0 0.952328 -0.376861
175 0.05 0.8 1 1.01338 0.495521
175 0.05 0.8 2 1.06737 2.92139
176 0.04 0.8 0 0.939617 -2.9383
176 0.04 0.8 1 1.00148 0.239774
176 0.04 0.8 2 1.19071 1.08722
177 0.03 0.8 0 0.923268 -0.653519
177 0.03 0.8 1 0.975037 -0.0632075
177 0.03 0.8 2 1.11103 2.96196
178 0.02 0.8 0 0.992516 -1.07953
178 0.02 0.8 1 1.00755 -0.520629
178 0.02 0.8 2 1.01429 -0.0517759
179 0.01 0.8 0 0.982094 0.913086
179 0.01 0.8 1 0.98616 -0.224573
179 0.01 0.8 2 1.09673 1.19445
180 0 0.8 0 0.945213 0.172425
180 0 0.8 1 0.972725 -0.0254297
180 0 0.8 2 1.22101 -2.95322
181 0 0.79 0 0.986967 -0.0425745
181 0 0.79 1 1.00805 -0.173329
181 0 0.79 2 1.1312 2.54346
182 0 0.78 0 0.985407 -0.418142
182 0 0.78 1 0.986806 0.0351535
182 0 0.78 2 1.02175 -0.54117
183 0 0.77 0 0.946346 3.04085
183 0 0.77 1 0.998365 -0.474317
183 0 0.77 2 1.17477 0.313312
184 0 0.76 0 1.00656 1.04594
184 0 0.76 1 1.00829 -2.75976
184 0 0.76 2 1.06852 0.425022
185 0 0.75 0 0.908403 -3.07652
185 0 0.75 1 1.06766 -0.320317
185 0 0.75 2 1.13836 2.27967
186 0 0.74 0 0.952831 3.12207
186 0 0.74 1 1.08227 -0.123881
186 0 0.74 2 1.09413 3.05644
187 0 0.73 0 0.97058 -0.605899
187 0 0.73 1 1.01586 0.0156531
187 0 0.73 2 1.10918 -0.13737
188 0 0.72 0 0.98037 3.08004
188 0 0.72 1 0.998461 -0.982654
188 0 0.72 2 1.03006 -2.48697
189 0 0.71 0 1.00543 2.22725
189 0 0.71 1 1.01978 -3.07475
189 0 0.71 2 1.07127 1.52789
190 0 0.7 0 0.98499 -2.41056
190 0 0.7 1 1.00755 -0.952107
190 0 0.7 2 1.02443 0.179385
191 0 0.69 0 0.951614 0.0883954
191 0 0.69 1 1.04687 -3.06709
191 0 0.69 2 1.05459 -2.76804
192 0 0.68 0 0.985744 0.33069
192 0 0.68 1 1.04173 -0.0392679
192 0 0.68 2 1.04481 -0.00709264
193 0 0.67 0 0.951512 0.865633
193 0 0.67 1 1.03203 -3.06442
193 0 0.67 2 1.04529 -2.4699
194 0 0.66 0 0.956968 -0.503802
194 0 0.66 1 0.972413 2.51989
194 0 0.66 2 1.08196 -2.61752
195 0 0.65 0 0.958631 -2.8322
195 0 0.65 1 1.01763 2.31961
195 0 0.65 2 1.10762 2.69499
196 0 0.64 0 0.96444 0.508795
196 0 0.64 1 0.970315 -2.98841
196 0 0.64 2 1.04666 2.67391
197 0 0.63 0 0.992543 2.41228
197 0 0.63 1 0.992828 -0.75624
197 0 0.63 2 1.01946 3.06386
198 0 0.62 0 0.988928 0.0405191
198 0 0.62 1 1.00239 -2.98071
198 0 0.62 2 1.0129 0.505677
199 0 0.61 0 0.950419 0.348585
199 0 0.61 1 1.00108 -0.00310121
199 0 0.61 2 1.14613 -2.872
200 0 0.6 0 0.989384 -0.0533008
200 0 0.6 1 1.00781 -0.607802
200 0 0.6 2 1.0915 3.04813
201 0 0.59 0 0.986934 -2.72836
201 0 0.59 1 0.988205 0.730449
201 0 0.59 2 1.0324 0.0763765
202 0 0.58 0 0.965779 -0.716255
202 0 0.58 1 0.998771 -0.0105736
202 0 0.58 2 1.09929 0.270544
203 0 0.57 0 0.918755 -0.496253
203 0 0.57 1 0.979236 -0.148927
203 0 0.57 2 1.03877 0.0730385
204 0 0.56 0 0.974959 0.12335
204 0 0.56 1 0.992906 -0.0898327
204 0 0.56 2 1.06032 -2.97116
205 0 0.55 0 0.968378 -3.10821
205 0 0.55 1 0.992025 -0.437799
205 0 0.55 2 1.0556 -0.0332247
206 0 0.54 0 0.988586 0.144677
206 0 0.54 1 1.00731 -2.55717
206 0 0.54 2 1.03023 0.505909
207 0 0.53 0 0.921751 -0.128516
207 0 0.53 1 1.04627 2.79487
207 0 0.53 2 1.10385 0.0440192
208 0 0.52 0 0.916438 -0.0293794
208 0 0.52 1 0.955683 -0.39556
208 0 0.52 2 1.13186 0.11322
209 0 0.51 0 0.92888 0.515176
209 0 0.51 1 1.03261 -2.13521
209 0 0.51 2 1.1237 -2.90963
210 0 0.5 0 0.983292 1.87812
210 0 0.5 1 1.00646 2.894
210 0 0.5 2 1.04044 -0.520039
211 0 0.49 0 0.926852 0.0260784
211 0 0.49 1 0.988283 -2.91563
211 0 0.49 2 1.06254 0.0826664
212 0 0.48 0 0.970379 0.218708
212 0 0.48 1 1.00963 -2.87266
212 0 0.48 2 1.03493 0.00980557
213 0 0.47 0 0.961234 -0.0841071
213 0 0.47 1 0.971085 2.71534
213 0 0.47 2 1.04805 0.699412
214 0 0.46 0 0.974146 0.454462
214 0 0.46 1 1.02868 -0.144065
214 0 0.46 2 1.0486 -0.939097
215 0 0.45 0 0.948975 3.04527
215 0 0.45 1 0.981348 -0.1033
215 0 0.45 2 1.05715 -0.420973
216 0 0.44 0 0.986509 -2.55145
216 0 0.44 1 1.00042 -0.168912
216 0 0.44 2 1.01432 2.96189
217 0 0.43 0 0.992737 -2.43416
217 0 0.43 1 0.994292 -2.94628
217 0 0.43 2 1.0466 0.525263
218 0 0.42 0 0.943488 -0.010696
218 0 0.42 1 1.0887 0.0661546
218 0 0.42 2 1.08985 -0.285253
219 0 0.41 0 0.992129 0.55721
219 0 0.41 1 1.00393 0.0517819
219 0 0.41 2 1.06046 -2.72812
220 0 0.4 0 0.949193 -0.914363
220 0 0.4 1 1.02875 -0.137581
220 0 0.4 2 1.02888 2.89225
221 0 0.39 0 0.962872 2.74621
221 0 0.39 1 0.987118 -2.79828
221 0 0.39 2 1.07253 0.205494
222 0 0.38 0 0.96067 -0.651056
222 0 0.38 1 1.00471 -0.00330751
222 0 0.38 2 1.1027 0.133168
223 0 0.37 0 0.934912 0.00990497
223 0 0.37 1 1.03972 0.802354
223 0 0.37 2 1.15803 -2.76608
224 0 0.36 0 0.942246 -0.740125
224 0 0.36 1 1.02766 2.63271
224 0 0.36 2 1.05039 0.0719425
225 0 0.35 0 1.00435 -0.863108
225 0 0.35 1 1.01483 0.471916
225 0 0.35 2 1.02621 -2.76569
226 0 0.34 0 0.9822 -0.404008
226 0 0.34 1 1.0467 -2.70615
226 0 0.34 2 1.04844 0.0587048
227 0 0.33 0 0.936755 0.0737034
227 0 0.33 1 1.0378 -0.105678
227 0 0.33 2 1.05348 -0.657286
228 0 0.32 0 0.945017 0.321256
228 0 0.32 1 1.02906 0.251391
228 0 0.32 2 1.11626 -1.98682
229 0 0.31 0 0.943679 -0.0430894
229 0 0.31 1 1.0279 -1.01215
229 0 0.31 2 1.12099 2.83179
230 0 0.3 0 0.997308 0.304442
230 0 0.3 1 1.00058 -0.000933225
230 0 0.3 2 1.03029 0.93495
231 0 0.29 0 1.00447 -0.0113368
231 0 0.29 1 1.03269 -0.419327
231 0 0.29 2 1.06583 -1.04734
232 0 0.28 0 0.98468 -3.13484
232 0 0.28 1 0.994427 0.544822
232 0 0.28 2 1.00584 0.00938224
233 0 0.27 0 0.952896 0.121277
233 0 0.27 1 1.03786 0.439638
233 0 0.27 2 1.0708 -2.77846
234 0 0.26 0 0.924327 -0.305806
234 0 0.26 1 0.99367 2.62645
234 0 0.26 2 1.07582 3.04676
235 0 0.25 0 0.958927 -3.13895
235 0 0.25 1 0.995867 2.9149
235 0 0.25 2 1.02363 -0.0506037
236 0 0.24 0 0.888578 0.00309129
236 0 0.24 1 1.05043 0.257129
236 0 0.24 2 1.13141 -0.55733
237 0 0.23 0 0.939124 0.212773
237 0 0.23 1 0.98019 1.00621
237 0 0.23 2 1.06557 -2.96468
238 0 0.22 0 0.965916 2.74641
238 0 0.22 1 1.00808 -1.10226
238 0 0.22 2 1.05654 -0.360326
239 0 0.21 0 0.921887 -0.268723
239 0 0.21 1 0.994167 0.611478
239 0 0.21 2 1.09511 0.123052
240 0 0.2 0 0.938764 0.0395609
240 0 0.2 1 0.989685 0.807611
240 0 0.2 2 1.12015 -2.99669
241 0 0.19 0 0.955022 -0.260855
241 0 0.19 1 1.01616 -2.89935
241 0 0.19 2 1.02433 0.316231
242 0 0.18 0 0.962371 -0.230367
242 0 0.18 1 0.986403 2.88747
242 0 0.18 2 1.10919 -0.0259814
243 0 0.17 0 0.913606 0.525232
243 0 0.17 1 0.978053 -0.0697129
243 0 0.17 2 1.13064 1.00294
244 0 0.16 0 0.963681 0.204908
244 0 0.16 1 1.03353 -0.676701
244 0 0.16 2 1.03726 -0.00113125
245 0 0.15 0 0.968302 2.89024
245 0 0.15 1 1.06417 -0.306916
245 0 0.15 2 1.06759 -1.09404
246 0 0.14 0 0.967612 -3.03607
246 0 0.14 1 1.02601 -2.83719
246 0 0.14 2 1.04877 0.0627016
247 0 0.13 0 0.950454 -0.411578
247 0 0.13 1 1.00381 -3.10953
247 0 0.13 2 1.07864 0.247604
248 0 0.12 0 0.948908 0.203673
248 0 0.12 1 1.03966 2.92904
248 0 0.12 2 1.06136 -0.520671
249 0 0.11 0 0.984695 -2.51314
249 0 0.11 1 1.01443 3.04407
249 0 0.11 2 1.10534 -0.0200709
250 0 0.1 0 0.943556 2.21154
250 0 0.1 1 1.01517 -3.06136
250 0 0.1 2 1.10352 -1.96159
251 0 0.09 0 0.965213 -3.08176
251 0 0.09 1 1.02492 2.76653
251 0 0.09 2 1.02547 0.505682
252 0 0.08 0 0.98567 -0.156879
252 0 0.08 1 1.00673 3.02491
252 0 0.08 2 1.0881 -2.88052
253 0 0.07 0 0.941106 0.077598
253 0 0.07 1 1.02973 -0.112086
253 0 0.07 2 1.15888 2.72615
254 0 0.06 0 0.976779 0.18637
254 0 0.06 1 1.00453 0.0571609
254 0 0.06 2 1.04772 -1.02214
255 0 0.05 0 0.940958 0.511485
255 0 0.05 1 1.03368 0.0289018
255 0 0.05 2 1.08966 -0.32619
256 0 0.04 0 0.90218 -2.57316
256 0 0.04 1 0.978173 0.0381779
256 0 0.04 2 1.11997 0.535334
257 0 0.03 0 0.844977 2.95109
257 0 0.03 1 1.04663 -0.328412
257 0 0.03 2 1.05941 -0.00573154
258 0 0.02 0 0.979933 0.0301031
258 0 0.02 1 0.993803 0.770254
258 0 0.02 2 1.0144 -0.136716
259 0 0.01 0 0.915628 2.25642
259 0 0.01 1 1.0107 -0.219069
259 0 0.01 2 1.05352 -0.875806
