0 0 0 0 0.991263 -0.487151
0 0 0 1 0.997063 -0.0703799
0 0 0 2 1.04749 0.38451
1 0.01 0 0 0.944469 0.00158436
1 0.01 0 1 1.01316 -0.73626
1 0.01 0 2 1.10579 2.75832
2 0.02 0 0 0.954729 -0.363631
2 0.02 0 1 1.00787 2.80819
2 0.02 0 2 1.02606 0.29951
3 0.03 0 0 0.975399 -0.803821
3 0.03 0 1 1.00129 0.223781
3 0.03 0 2 1.07228 -2.60655
4 0.04 0 0 0.97437 2.42426
4 0.04 0 1 1.00079 -3.12248
4 0.04 0 2 1.05703 -2.26869
5 0.05 0 0 0.967302 0.111841
5 0.05 0 1 1.00349 2.73072
5 0.05 0 2 1.03107 -2.48062
6 0.06 0 0 0.950689 2.04727
6 0.06 0 1 0.986924 -2.85206
6 0.06 0 2 1.11578 -0.215736
7 0.07 0 0 0.981242 0.961632
7 0.07 0 1 1.01141 2.81339
7 0.07 0 2 1.02308 -2.97488
8 0.08 0 0 0.978904 -0.313749
8 0.08 0 1 1.00508 0.608992
8 0.08 0 2 1.08007 2.07358
9 0.09 0 0 0.95955 -2.21744
9 0.09 0 1 1.00789 2.92349
9 0.09 0 2 1.07257 -0.786602
10 0.1 0 0 0.99375 -0.0135629
10 0.1 0 1 0.996201 0.584823
10 0.1 0 2 1.01461 1.3035
11 0.11 0 0 0.971448 0.273488
11 0.11 0 1 0.979974 2.39747
11 0.11 0 2 1.04466 -2.97894
12 0.12 0 0 0.92103 2.20919
12 0.12 0 1 1.04159 -1.17929
12 0.12 0 2 1.06123 1.12472
13 0.13 0 0 0.939056 2.83493
13 0.13 0 1 1.04689 0.716472
13 0.13 0 2 1.07224 -1.3068
14 0.14 0 0 1.00235 0.759842
14 0.14 0 1 1.00842 2.4991
14 0.14 0 2 1.03081 -0.750204
15 0.15 0 0 0.950248 0.258754
15 0.15 0 1 0.98244 -2.85746
15 0.15 0 2 1.07061 2.57586
16 0.16 0 0 0.970006 0.000240114
16 0.16 0 1 0.984556 -2.27367
16 0.16 0 2 1.05633 1.49921
17 0.17 0 0 0.982819 0.0121918
17 0.17 0 1 0.984387 -0.179198
17 0.17 0 2 1.03388 -2.49417
18 0.18 0 0 0.977409 0.0354557
18 0.18 0 1 1.00915 -2.89202
18 0.18 0 2 1.03356 1.57002
19 0.19 0 0 1.00438 1.62982
19 0.19 0 1 1.0105 -3.07238
19 0.19 0 2 1.04366 2.58175
20 0.2 0 0 1.01227 1.11743
20 0.2 0 1 1.02538 -1.72116
20 0.2 0 2 1.04309 -0.015282
21 0.21 0 0 0.933999 -3.04389
21 0.21 0 1 1.03914 -0.0517699
21 0.21 0 2 1.04859 1.94826
22 0.22 0 0 0.94012 2.65358
22 0.22 0 1 1.02407 -0.189532
22 0.22 0 2 1.06438 -2.55164
23 0.23 0 0 0.96943 3.01791
23 0.23 0 1 0.987698 -1.62371
23 0.23 0 2 1.12347 -0.157034
24 0.24 0 0 0.979828 -2.35316
24 0.24 0 1 0.988168 2.86057
24 0.24 0 2 1.07127 0.412519
25 0.25 0 0 0.978826 -2.52743
25 0.25 0 1 1.00054 0.00577881
25 0.25 0 2 1.0409 -0.84863
26 0.26 0 0 0.980606 0.139202
26 0.26 0 1 0.999613 -2.31763
26 0.26 0 2 1.10096 0.57055
27 0.27 0 0 0.975866 2.99116
27 0.27 0 1 0.989412 0.169381
27 0.27 0 2 1.04537 -2.22703
28 0.28 0 0 0.988821 1.27595
28 0.28 0 1 1.02527 -0.126207
28 0.28 0 2 1.03645 -1.56637
29 0.29 0 0 0.986326 1.51243
29 0.29 0 1 1.00011 -0.00491476
29 0.29 0 2 1.03429 -2.86885
30 0.3 0 0 0.973618 -0.810528
30 0.3 0 1 1.01941 0.162697
30 0.3 0 2 1.04272 -1.74663
31 0.31 0 0 0.922649 2.9895
31 0.31 0 1 1.05694 -0.260065
31 0.31 0 2 1.11781 0.163605
32 0.32 0 0 0.936832 -3.1173
32 0.32 0 1 1.00337 0.00356058
32 0.32 0 2 1.18373 -2.43213
33 0.33 0 0 0.953415 2.77657
33 0.33 0 1 1.03132 -2.30329
33 0.33 0 2 1.03505 0.0286978
34 0.34 0 0 0.951092 0.884593
34 0.34 0 1 1.02303 -1.05785
34 0.34 0 2 1.05797 2.86367
35 0.35 0 0 0.938976 -2.98889
35 0.35 0 1 0.959166 0.458524
35 0.35 0 2 1.15772 -0.112122
36 0.36 0 0 0.957567 0.142657
36 0.36 0 1 1.00856 -0.0314061
36 0.36 0 2 1.11447 -1.6179
37 0.37 0 0 0.923972 -0.715996
37 0.37 0 1 1.00123 -0.0615127
37 0.37 0 2 1.15493 0.815751
38 0.38 0 0 0.997848 -1.73899
38 0.38 0 1 1.01354 0.489519
38 0.38 0 2 1.04285 -0.129661
39 0.39 0 0 0.979501 -2.37892
39 0.39 0 1 0.981007 1.06601
39 0.39 0 2 1.05164 2.95064
40 0.4 0 0 0.970268 2.60546
40 0.4 0 1 1.00734 -0.0799245
40 0.4 0 2 1.07462 -1.74011
41 0.41 0 0 0.930404 1.8859
41 0.41 0 1 1.01087 3.07275
41 0.41 0 2 1.0894 -0.661912
42 0.42 0 0 0.981926 -0.86458
42 0.42 0 1 1.00634 -0.0241743
42 0.42 0 2 1.00888 1.82906
43 0.43 0 0 0.951456 2.23238
43 0.43 0 1 0.999701 -0.758401
43 0.43 0 2 1.08034 0.0704502
44 0.44 0 0 0.976054 -3.12002
44 0.44 0 1 0.994598 0.213756
44 0.44 0 2 1.03788 -0.976419
45 0.45 0 0 0.949182 1.52108
45 0.45 0 1 0.989587 -0.00505333
45 0.45 0 2 1.05342 -1.25992
46 0.46 0 0 0.937252 -1.38845
46 0.46 0 1 1.00833 1.8308
46 0.46 0 2 1.07947 -0.438193
47 0.47 0 0 0.95564 0.337763
47 0.47 0 1 0.967872 -3.14026
47 0.47 0 2 1.07704 -1.87928
48 0.48 0 0 0.969497 0.511043
48 0.48 0 1 0.995486 -1.58023
48 0.48 0 2 1.0442 2.83097
49 0.49 0 0 0.932191 2.49804
49 0.49 0 1 1.00278 -0.554561
49 0.49 0 2 1.06322 -1.61112
50 0.5 0 0 0.954554 2.43725
50 0.5 0 1 0.999321 0.452892
50 0.5 0 2 1.094 -0.297119
51 0.5 0.01 0 0.991039 2.38283
51 0.5 0.01 1 1.03657 -0.805619
51 0.5 0.01 2 1.04289 -1.70612
52 0.5 0.02 0 0.978405 -0.174699
52 0.5 0.02 1 0.994859 0.853182
52 0.5 0.02 2 1.07699 -1.1401
53 0.5 0.03 0 0.998812 0.0127121
53 0.5 0.03 1 1.0169 -2.58674
53 0.5 0.03 2 1.06087 2.20228
54 0.5 0.04 0 1.02295 2.65203
54 0.5 0.04 1 1.02457 0.212573
54 0.5 0.04 2 1.02618 -1.72324
55 0.5 0.05 0 0.911793 0.909136
55 0.5 0.05 1 0.992502 3.08587
55 0.5 0.05 2 1.12634 2.50694
56 0.5 0.06 0 0.961711 0.41126
56 0.5 0.06 1 1.01359 -0.221261
56 0.5 0.06 2 1.03523 2.96372
57 0.5 0.07 0 0.98895 -1.92639
57 0.5 0.07 1 1.01591 -0.794624
57 0.5 0.07 2 1.02425 1.92797
58 0.5 0.08 0 0.951872 -2.41136
58 0.5 0.08 1 0.996461 0.245175
58 0.5 0.08 2 1.10058 -1.56919
59 0.5 0.09 0 0.960472 -0.0253996
59 0.5 0.09 1 1.05064 0.669985
59 0.5 0.09 2 1.06905 -0.26003
60 0.5 0.1 0 0.976316 -2.85121
60 0.5 0.1 1 1.01767 -2.45799
60 0.5 0.1 2 1.02135 0.0314946
61 0.5 0.11 0 0.928866 0.162764
61 0.5 0.11 1 0.989103 -0.148488
61 0.5 0.11 2 1.13468 2.53522
62 0.5 0.12 0 0.97023 -1.27569
62 0.5 0.12 1 1.01718 2.58102
62 0.5 0.12 2 1.07858 0.427166
63 0.5 0.13 0 0.982734 -1.69152
63 0.5 0.13 1 0.991794 -0.171477
63 0.5 0.13 2 1.06205 0.457656
64 0.5 0.14 0 0.942956 2.97252
64 0.5 0.14 1 1.0189 1.2311
64 0.5 0.14 2 1.05908 -1.63121
65 0.5 0.15 0 0.93236 2.34292
65 0.5 0.15 1 0.968472 -2.99447
65 0.5 0.15 2 1.15619 -0.889647
66 0.5 0.16 0 0.957958 2.49725
66 0.5 0.16 1 1.01739 -0.297708
66 0.5 0.16 2 1.06193 -1.88763
67 0.5 0.17 0 1.00456 -0.658161
67 0.5 0.17 1 1.01153 -2.75727
67 0.5 0.17 2 1.03156 2.08506
68 0.5 0.18 0 0.932641 0.180118
68 0.5 0.18 1 0.961115 -1.99804
68 0.5 0.18 2 1.12273 1.02661
69 0.5 0.19 0 0.997706 -1.12915
69 0.5 0.19 1 1.01072 0.481385
69 0.5 0.19 2 1.06753 2.35457
70 0.5 0.2 0 0.989023 0.523123
70 0.5 0.2 1 1.01481 -1.04761
70 0.5 0.2 2 1.01704 2.81825
71 0.5 0.21 0 0.990997 -1.71154
71 0.5 0.21 1 1.01656 -2.75902
71 0.5 0.21 2 1.02494 0.823543
72 0.5 0.22 0 0.996385 2.76128
72 0.5 0.22 1 1.01013 -0.684484
72 0.5 0.22 2 1.01332 1.33342
73 0.5 0.23 0 0.940241 -1.11739
73 0.5 0.23 1 1.00349 2.07249
73 0.5 0.23 2 1.15424 0.031304
74 0.5 0.24 0 0.990259 -1.90727
74 0.5 0.24 1 1.01278 0.391265
74 0.5 0.24 2 1.07711 0.931999
75 0.5 0.25 0 1.00184 1.60379
75 0.5 0.25 1 1.00301 -1.00765
75 0.5 0.25 2 1.10986 -2.46041
76 0.5 0.26 0 0.991312 -2.14586
76 0.5 0.26 1 1.00669 0.494772
76 0.5 0.26 2 1.01404 2.55922
77 0.5 0.27 0 0.937757 1.58315
77 0.5 0.27 1 1.00816 -0.387402
77 0.5 0.27 2 1.04296 2.87067
78 0.5 0.28 0 0.959375 1.8148
78 0.5 0.28 1 0.987116 2.91719
78 0.5 0.28 2 1.08319 -1.72175
79 0.5 0.29 0 0.952109 2.66192
79 0.5 0.29 1 1.0051 -0.930792
79 0.5 0.29 2 1.04735 2.2471
80 0.5 0.3 0 0.939789 0.910958
80 0.5 0.3 1 1.04062 -1.75074
80 0.5 0.3 2 1.04318 -0.209019
81 0.5 0.31 0 0.974083 1.68001
81 0.5 0.31 1 0.981469 -0.818471
81 0.5 0.31 2 1.08597 -0.219745
82 0.5 0.32 0 0.982249 2.7832
82 0.5 0.32 1 0.989533 -2.55415
82 0.5 0.32 2 1.07973 1.66206
83 0.5 0.33 0 1.00049 1.02019
83 0.5 0.33 1 1.00476 -1.86045
83 0.5 0.33 2 1.06 -0.164328
84 0.5 0.34 0 0.972186 2.81911
84 0.5 0.34 1 0.999976 2.52338
84 0.5 0.34 2 1.0913 -0.957454
85 0.5 0.35 0 0.962691 1.76113
85 0.5 0.35 1 1.01636 3.09023
85 0.5 0.35 2 1.03002 0.780923
86 0.5 0.36 0 0.917052 -2.70279
86 0.5 0.36 1 1.03562 2.00555
86 0.5 0.36 2 1.09785 -0.80731
87 0.5 0.37 0 0.948937 2.63584
87 0.5 0.37 1 0.998467 -0.286731
87 0.5 0.37 2 1.11055 -1.61524
88 0.5 0.38 0 0.987548 2.50999
88 0.5 0.38 1 1.00664 -0.398654
88 0.5 0.38 2 1.02869 0.608665
89 0.5 0.39 0 0.929322 1.04459
89 0.5 0.39 1 0.997496 2.99478
89 0.5 0.39 2 1.12449 -2.78601
90 0.5 0.4 0 0.92263 -3.06054
90 0.5 0.4 1 1.03594 2.96943
90 0.5 0.4 2 1.08052 1.65404
91 0.5 0.41 0 0.97408 0.505061
91 0.5 0.41 1 0.990443 -0.140607
91 0.5 0.41 2 1.07966 -1.35416
92 0.5 0.42 0 0.988713 1.03848
92 0.5 0.42 1 1.00581 -0.172206
92 0.5 0.42 2 1.01358 0.191372
93 0.5 0.43 0 0.954787 -0.223783
93 0.5 0.43 1 0.978161 -0.904084
93 0.5 0.43 2 1.05917 2.66331
94 0.5 0.44 0 0.896706 0.520711
94 0.5 0.44 1 1.04314 -0.0407468
94 0.5 0.44 2 1.13321 -1.65562
95 0.5 0.45 0 0.954823 -0.903115
95 0.5 0.45 1 0.989555 -0.059227
95 0.5 0.45 2 1.11419 2.05973
96 0.5 0.46 0 1.00802 -1.03885
96 0.5 0.46 1 1.01493 -2.70289
96 0.5 0.46 2 1.04888 1.69246
97 0.5 0.47 0 0.907097 -0.212736
97 0.5 0.47 1 1.01693 -2.01891
97 0.5 0.47 2 1.13658 1.43962
98 0.5 0.48 0 0.938469 0.649791
98 0.5 0.48 1 1.01141 2.68558
98 0.5 0.48 2 1.05807 -1.06734
99 0.5 0.49 0 0.96981 -2.22232
99 0.5 0.49 1 1.01774 -2.6913
99 0.5 0.49 2 1.03392 0.456858
100 0.5 0.5 0 0.934776 0.258218
100 0.5 0.5 1 1.00984 -0.183017
100 0.5 0.5 2 1.05109 -2.68869
101 0.49 0.5 0 0.959677 2.18191
101 0.49 0.5 1 1.01225 -2.74114
101 0.49 0.5 2 1.0277 -0.470859
102 0.48 0.5 0 0.93318 2.68239
102 0.48 0.5 1 1.01426 -0.245198
102 0.48 0.5 2 1.08727 -0.846148
103 0.47 0.5 0 0.931172 1.92989
103 0.47 0.5 1 1.05783 -0.334493
103 0.47 0.5 2 1.05823 -0.918434
104 0.46 0.5 0 0.935542 0.334859
104 0.46 0.5 1 1.02162 -2.83192
104 0.46 0.5 2 1.06073 -1.21081
105 0.45 0.5 0 0.986515 2.39395
105 0.45 0.5 1 0.99571 0.777052
105 0.45 0.5 2 1.03563 -3.06665
106 0.44 0.5 0 0.935999 3.0038
106 0.44 0.5 1 0.974964 2.70546
106 0.44 0.5 2 1.06724 -2.54771
107 0.43 0.5 0 0.956215 3.1339
107 0.43 0.5 1 0.971727 -0.520158
107 0.43 0.5 2 1.06273 1.32432
108 0.42 0.5 0 0.978611 1.65422
108 0.42 0.5 1 0.991609 0.178573
108 0.42 0.5 2 1.04121 -1.74027
109 0.41 0.5 0 0.962563 2.41629
109 0.41 0.5 1 1.02066 0.276888
109 0.41 0.5 2 1.03652 -2.69162
110 0.4 0.5 0 0.977222 -2.91512
110 0.4 0.5 1 0.989386 1.19196
110 0.4 0.5 2 1.04289 0.0678063
111 0.39 0.5 0 0.931349 -2.84099
111 0.39 0.5 1 1.02309 0.752966
111 0.39 0.5 2 1.04962 2.42601
112 0.38 0.5 0 0.95316 -2.84778
112 0.38 0.5 1 0.989238 1.30526
112 0.38 0.5 2 1.07157 -1.53847
113 0.37 0.5 0 0.952295 1.90979
113 0.37 0.5 1 1.03144 2.30016
113 0.37 0.5 2 1.05875 -2.36861
114 0.36 0.5 0 0.912712 -2.25566
114 0.36 0.5 1 1.03388 2.94082
114 0.36 0.5 2 1.09989 0.561675
115 0.35 0.5 0 0.935868 -1.07779
115 0.35 0.5 1 0.980865 0.0467079
115 0.35 0.5 2 1.12687 -0.363987
116 0.34 0.5 0 0.947248 3.00699
116 0.34 0.5 1 1.00811 -1.06404
116 0.34 0.5 2 1.08083 1.37899
117 0.33 0.5 0 0.959476 0.490598
117 0.33 0.5 1 1.00277 2.43253
117 0.33 0.5 2 1.07738 -2.97
118 0.32 0.5 0 0.976789 0.472177
118 0.32 0.5 1 1.02334 -2.25636
118 0.32 0.5 2 1.04174 -0.224006
119 0.31 0.5 0 0.9957 -0.678742
119 0.31 0.5 1 0.997491 2.83077
119 0.31 0.5 2 0.999431 1.11803
120 0.3 0.5 0 0.977975 -2.84103
120 0.3 0.5 1 1.01266 1.83394
120 0.3 0.5 2 1.01958 0.0606768
121 0.29 0.5 0 0.951058 -2.69084
121 0.29 0.5 1 1.00428 -0.148701
121 0.29 0.5 2 1.10705 0.53984
122 0.28 0.5 0 0.997574 -1.00205
122 0.28 0.5 1 1.00186 -2.32255
122 0.28 0.5 2 1.01883 0.383423
123 0.27 0.5 0 0.906981 -2.40381
123 0.27 0.5 1 1.05399 0.315332
123 0.27 0.5 2 1.07094 -2.08062
124 0.26 0.5 0 0.929298 -0.327813
124 0.26 0.5 1 1.00343 0.751072
124 0.26 0.5 2 1.10969 -2.73717
125 0.25 0.5 0 0.933835 0.113784
125 0.25 0.5 1 1.02116 -2.67978
125 0.25 0.5 2 1.07487 0.922236
126 0.24 0.5 0 0.957213 -0.792109
126 0.24 0.5 1 1.01027 -2.31844
126 0.24 0.5 2 1.06753 2.51709
127 0.23 0.5 0 0.938632 -1.07762
127 0.23 0.5 1 1.00388 -3.08942
127 0.23 0.5 2 1.05119 2.88303
128 0.22 0.5 0 0.916892 0.353721
128 0.22 0.5 1 1.00326 -0.387951
128 0.22 0.5 2 1.11164 -3.05024
129 0.21 0.5 0 0.97663 1.84476
129 0.21 0.5 1 1.00906 -0.602764
129 0.21 0.5 2 1.06183 1.47196
130 0.2 0.5 0 0.984416 1.16585
130 0.2 0.5 1 0.988399 -1.80051
130 0.2 0.5 2 1.04618 0.276901
131 0.19 0.5 0 0.971499 0.34363
131 0.19 0.5 1 0.996806 1.20499
131 0.19 0.5 2 1.03135 -0.176209
132 0.18 0.5 0 0.960217 0.746923
132 0.18 0.5 1 0.966182 3.11564
132 0.18 0.5 2 1.11874 -0.731728
133 0.17 0.5 0 0.881931 -0.288917
133 0.17 0.5 1 1.07623 2.86996
133 0.17 0.5 2 1.09872 0.0240761
134 0.16 0.5 0 0.949268 0.293248
134 0.16 0.5 1 1.02663 -0.228434
134 0.16 0.5 2 1.03516 -0.584456
135 0.15 0.5 0 0.96112 -0.0705641
135 0.15 0.5 1 1.00642 2.3209
135 0.15 0.5 2 1.04786 -2.20774
136 0.14 0.5 0 0.978328 0.562922
136 0.14 0.5 1 0.981741 -1.75202
136 0.14 0.5 2 1.02617 2.46437
137 0.13 0.5 0 0.978416 0.238284
137 0.13 0.5 1 0.993519 2.68419
137 0.13 0.5 2 1.05304 -0.991584
138 0.12 0.5 0 0.973298 -2.78095
138 0.12 0.5 1 0.995427 2.10534
138 0.12 0.5 2 1.04399 1.74112
139 0.11 0.5 0 0.900841 -0.249675
139 0.11 0.5 1 1.02051 1.48237
139 0.11 0.5 2 1.09108 3.0145
140 0.1 0.5 0 0.90049 1.27517
140 0.1 0.5 1 1.06049 -2.64414
140 0.1 0.5 2 1.09042 0.0111646
141 0.09 0.5 0 0.931338 2.56445
141 0.09 0.5 1 1.0324 -0.322324
141 0.09 0.5 2 1.0685 -0.947849
142 0.08 0.5 0 0.935623 -0.224355
142 0.08 0.5 1 0.997843 -1.27767
142 0.08 0.5 2 1.09874 0.171653
143 0.07 0.5 0 0.970522 -0.0136073
143 0.07 0.5 1 0.984519 -2.92565
143 0.07 0.5 2 1.08139 -0.64388
144 0.06 0.5 0 0.977033 0.0927777
144 0.06 0.5 1 0.989202 -1.11433
144 0.06 0.5 2 1.02029 3.11093
145 0.05 0.5 0 0.989217 -0.255839
145 0.05 0.5 1 1.00055 -0.862941
145 0.05 0.5 2 1.03895 2.10442
146 0.04 0.5 0 0.948529 -0.113413
146 0.04 0.5 1 1.00979 -0.757752
146 0.04 0.5 2 1.0546 -2.27862
147 0.03 0.5 0 0.975477 -3.12868
147 0.03 0.5 1 0.997186 0.282982
147 0.03 0.5 2 1.04315 2.19545
148 0.02 0.5 0 0.923404 2.48443
148 0.02 0.5 1 0.972899 -2.80353
148 0.02 0.5 2 1.11267 -0.0789738
149 0.01 0.5 0 0.979231 -0.139809
149 0.01 0.5 1 0.979975 0.940283
149 0.01 0.5 2 1.08428 -0.60659
150 0 0.5 0 0.904494 2.49603
150 0 0.5 1 0.997222 3.1286
150 0 0.5 2 1.06283 -0.933665
151 0 0.49 0 0.983353 -0.825049
151 0 0.49 1 0.989616 -2.35735
151 0 0.49 2 1.02677 1.01407
152 0 0.48 0 0.970949 0.310168
152 0 0.48 1 0.982095 2.91741
152 0 0.48 2 1.07029 -0.890037
153 0 0.47 0 0.936267 -2.22101
153 0 0.47 1 1.01548 0.606283
153 0 0.47 2 1.07848 0.327615
154 0 0.46 0 0.929398 -0.266808
154 0 0.46 1 0.975186 -0.585724
154 0 0.46 2 1.07574 2.62843
155 0 0.45 0 0.921222 -2.79151
155 0 0.45 1 1.01701 2.04253
155 0 0.45 2 1.08735 0.299713
156 0 0.44 0 0.990568 2.54468
156 0 0.44 1 1.00259 0.190341
156 0 0.44 2 1.01446 -2.74893
157 0 0.43 0 0.930324 -2.12117
157 0 0.43 1 0.982689 0.362007
157 0 0.43 2 1.12049 2.902
158 0 0.42 0 0.931795 -0.17373
158 0 0.42 1 1.05141 -2.86017
158 0 0.42 2 1.05823 0.407923
159 0 0.41 0 0.969754 0.194669
159 0 0.41 1 0.98867 0.752271
159 0 0.41 2 1.04333 -2.57582
160 0 0.4 0 0.973504 3.10835
160 0 0.4 1 0.990637 -2.86635
160 0 0.4 2 1.05256 0.152792
161 0 0.39 0 0.907547 2.62579
161 0 0.39 1 0.975248 -2.77896
161 0 0.39 2 1.17893 0.028941
162 0 0.38 0 0.939181 -0.00906717
162 0 0.38 1 1.02515 -3.03113
162 0 0.38 2 1.06561 1.30869
163 0 0.37 0 0.986798 2.8713
163 0 0.37 1 0.993474 -1.6796
163 0 0.37 2 1.05217 0.326879
164 0 0.36 0 1.00483 0.579271
164 0 0.36 1 1.00533 -2.60439
164 0 0.36 2 1.00639 0.179441
165 0 0.35 0 0.943896 0.248567
165 0 0.35 1 0.965586 -0.375316
165 0 0.35 2 1.15783 -1.44362
166 0 0.34 0 0.896514 -3.06247
166 0 0.34 1 1.00799 0.0127147
166 0 0.34 2 1.16766 0.73259
167 0 0.33 0 0.979283 0.405201
167 0 0.33 1 1.00337 -0.011612
167 0 0.33 2 1.04787 -0.26133
168 0 0.32 0 0.969329 -3.00687
168 0 0.32 1 1.02164 -2.15682
168 0 0.32 2 1.02568 0.594404
169 0 0.31 0 0.950508 0.138358
169 0 0.31 1 1.00327 -0.924052
169 0 0.31 2 1.05685 -0.21307
170 0 0.3 0 0.940029 -2.6702
170 0 0.3 1 1.02024 2.78662
170 0 0.3 2 1.08639 -0.943341
171 0 0.29 0 0.905421 2.86051
171 0 0.29 1 1.05163 -0.135742
171 0 0.29 2 1.1459 1.25235
172 0 0.28 0 0.966742 -3.01405
172 0 0.28 1 0.995689 0.186517
172 0 0.28 2 1.05974 0.00410133
173 0 0.27 0 0.983917 0.0169184
173 0 0.27 1 0.991079 -1.12185
173 0 0.27 2 1.0462 -0.212542
174 0 0.26 0 0.957572 2.94361
174 0 0.26 1 0.977482 -0.661988
174 0 0.26 2 1.12623 -0.360995
175 0 0.25 0 0.927576 1.83065
175 0 0.25 1 0.936181 -0.528943
175 0 0.25 2 1.29315 1.21307
176 0 0.24 0 0.959543 0.284175
176 0 0.24 1 0.985991 2.47137
176 0 0.24 2 1.10166 -1.37259
177 0 0.23 0 0.960287 -2.13796
177 0 0.23 1 1.01891 1.45078
177 0 0.23 2 1.07118 -0.114921
178 0 0.22 0 0.897345 -1.60773
178 0 0.22 1 0.97528 2.26163
178 0 0.22 2 1.26868 0.424283
179 0 0.21 0 0.981434 3.12346
179 0 0.21 1 1.01759 -0.0457931
179 0 0.21 2 1.05514 -1.25042
180 0 0.2 0 0.981087 -0.982475
180 0 0.2 1 1.00579 2.79702
180 0 0.2 2 1.03727 0.528825
181 0 0.19 0 0.996528 0.68189
181 0 0.19 1 0.998137 3.09168
181 0 0.19 2 1.02236 -2.52529
182 0 0.18 0 0.941434 -0.849136
182 0 0.18 1 1.02107 2.36469
182 0 0.18 2 1.07833 2.1388
183 0 0.17 0 0.950533 -2.00544
183 0 0.17 1 1.04015 0.815265
183 0 0.17 2 1.04663 0.287013
184 0 0.16 0 0.927195 -2.7555
184 0 0.16 1 1.01087 0.0915419
184 0 0.16 2 1.11099 -0.764898
185 0 0.15 0 0.94135 -1.31981
185 0 0.15 1 1.01129 1.21653
185 0 0.15 2 1.0725 0.553156
186 0 0.14 0 0.926759 -0.629542
186 0 0.14 1 1.01173 -2.7286
186 0 0.14 2 1.05955 1.05649
187 0 0.13 0 0.922083 -3.0026
187 0 0.13 1 1.02394 -0.124282
187 0 0.13 2 1.09504 0.2425
188 0 0.12 0 0.945684 2.99759
188 0 0.12 1 1.0082 0.945851
188 0 0.12 2 1.10275 -0.250082
189 0 0.11 0 0.931155 -0.0568166
189 0 0.11 1 1.0254 3.11269
189 0 0.11 2 1.07181 -0.386167
190 0 0.1 0 0.974216 0.35525
190 0 0.1 1 1.01277 -1.497
190 0 0.1 2 1.02634 0.651128
191 0 0.09 0 0.942571 1.08195
191 0 0.09 1 1.02263 2.94675
191 0 0.09 2 1.12166 -1.95051
192 0 0.08 0 0.947708 -1.23517
192 0 0.08 1 0.997819 -2.96697
192 0 0.08 2 1.09403 2.62762
193 0 0.07 0 0.952219 -3.09902
193 0 0.07 1 0.983323 -2.39449
193 0 0.07 2 1.1004 0.866696
194 0 0.06 0 0.983539 -1.63988
194 0 0.06 1 1.00731 -0.002024
194 0 0.06 2 1.03464 -0.415386
195 0 0.05 0 0.90269 3.01811
195 0 0.05 1 1.08607 -1.59127
195 0 0.05 2 1.11385 -0.205354
196 0 0.04 0 0.946859 1.68814
196 0 0.04 1 0.991083 -1.67401
196 0 0.04 2 1.06065 0.58993
197 0 0.03 0 0.962326 -2.59621
197 0 0.03 1 0.998258 0.0115038
197 0 0.03 2 1.09306 -0.80581
198 0 0.02 0 0.984438 -0.249153
198 0 0.02 1 0.98958 0.018942
198 0 0.02 2 1.03538 0.655855
199 0 0.01 0 0.934022 2.86135
199 0 0.01 1 1.01532 0.584483
199 0 0.01 2 1.06326 -0.202408
