0 0 0 0 0.990396 -0.149136
0 0 0 1 0.997678 -3.12691
0 0 0 2 1.01105 0.005682
1 0.01 0 0 0.979937 -0.300642
1 0.01 0 1 0.996885 -0.000735414
1 0.01 0 2 1.0399 -0.0427881
2 0.02 0 0 0.996836 0.244819
2 0.02 0 1 1.0031 -0.148619
2 0.02 0 2 1.00513 0.0273717
3 0.03 0 0 0.987228 0.0199202
3 0.03 0 1 1.00396 3.12228
3 0.03 0 2 1.01029 -0.322534
4 0.04 0 0 0.988599 -0.178484
4 0.04 0 1 0.992821 0.00141942
4 0.04 0 2 1.01943 0.442911
5 0.05 0 0 0.990082 0.055249
5 0.05 0 1 0.999046 -0.308933
5 0.05 0 2 1.00847 -2.96886
6 0.06 0 0 0.972836 -0.157365
6 0.06 0 1 1.00391 0.0116547
6 0.06 0 2 1.02844 -0.250493
7 0.07 0 0 0.992279 0.0997039
7 0.07 0 1 0.995112 -0.00472559
7 0.07 0 2 1.00231 -0.0620548
8 0.08 0 0 0.993624 -0.196749
8 0.08 0 1 1.00259 0.0332341
8 0.08 0 2 1.0063 -0.335533
9 0.09 0 0 0.986883 0.178715
9 0.09 0 1 0.993351 -0.0070973
9 0.09 0 2 1.04426 -0.0021652
10 0.1 0 0 0.976706 -0.179923
10 0.1 0 1 0.996535 -0.00843073
10 0.1 0 2 1.05636 0.197896
11 0.11 0 0 0.99676 -0.13019
11 0.11 0 1 1.00171 0.0112867
11 0.11 0 2 1.00634 -0.0202483
12 0.12 0 0 0.949564 -0.338474
12 0.12 0 1 1.00713 0.31499
12 0.12 0 2 1.02234 -0.0352074
13 0.13 0 0 0.981414 -0.115521
13 0.13 0 1 1.00124 0.0516001
13 0.13 0 2 1.03136 0.218925
14 0.14 0 0 0.984344 -0.103127
14 0.14 0 1 1.00412 0.00819667
14 0.14 0 2 1.00462 -0.390545
15 0.15 0 0 0.962478 3.06352
15 0.15 0 1 1.0027 0.314496
15 0.15 0 2 1.01858 -0.0340555
16 0.16 0 0 0.979215 0.0223099
16 0.16 0 1 0.997826 -0.225058
16 0.16 0 2 1.02818 0.145567
17 0.17 0 0 0.978 -0.036519
17 0.17 0 1 0.993545 -0.199504
17 0.17 0 2 1.03504 0.0985576
18 0.18 0 0 0.974265 0.232341
18 0.18 0 1 0.996053 0.0665554
18 0.18 0 2 1.03127 -0.204414
19 0.19 0 0 0.983088 -0.123124
19 0.19 0 1 0.984025 0.0130385
19 0.19 0 2 1.036 0.0425454
20 0.2 0 0 0.99058 -0.127698
20 0.2 0 1 0.997138 0.0376193
20 0.2 0 2 1.01631 0.013836
21 0.21 0 0 0.973793 -0.0413499
21 0.21 0 1 0.988618 3.06963
21 0.21 0 2 1.02396 0.0762727
22 0.22 0 0 0.991431 0.0457482
22 0.22 0 1 0.99982 -0.0747494
22 0.22 0 2 1.01747 0.155594
23 0.23 0 0 0.983926 0.0887029
23 0.23 0 1 1.00551 -0.0091319
23 0.23 0 2 1.03008 -0.265927
24 0.24 0 0 0.964706 -0.234554
24 0.24 0 1 1.01442 0.0964456
24 0.24 0 2 1.04901 -2.8455
25 0.25 0 0 0.976242 -0.121492
25 0.25 0 1 0.990017 -0.00285776
25 0.25 0 2 1.05281 2.87009
26 0.26 0 0 0.991492 0.130595
26 0.26 0 1 0.998912 0.00162836
26 0.26 0 2 1.00249 0.288412
27 0.27 0 0 0.976999 0.0190377
27 0.27 0 1 0.99921 -0.0124558
27 0.27 0 2 1.01798 -0.215473
28 0.28 0 0 0.976638 -0.404733
28 0.28 0 1 1.0129 0.0045425
28 0.28 0 2 1.01737 3.04249
29 0.29 0 0 0.999176 0.00163797
29 0.29 0 1 1.00024 -0.12188
29 0.29 0 2 1.00715 0.411097
30 0.3 0 0 0.982793 0.0798604
30 0.3 0 1 1.00192 -3.09477
30 0.3 0 2 1.01243 -0.0387768
31 0.31 0 0 1.0003 0.209198
31 0.31 0 1 1.00303 0.120665
31 0.31 0 2 1.00653 -0.0105369
32 0.32 0 0 0.990429 -0.0191138
32 0.32 0 1 1.00426 -0.17679
32 0.32 0 2 1.01794 2.96109
33 0.33 0 0 0.994173 0.0180571
33 0.33 0 1 0.998298 -0.339538
33 0.33 0 2 1.02351 0.302268
34 0.34 0 0 0.980742 3.00979
34 0.34 0 1 0.994849 -0.024113
34 0.34 0 2 1.01002 -0.429514
35 0.35 0 0 0.988031 0.403939
35 0.35 0 1 1.00163 -0.0188145
35 0.35 0 2 1.0104 0.866492
36 0.36 0 0 0.98959 0.0686152
36 0.36 0 1 0.997032 -0.382893
36 0.36 0 2 1.01213 -0.553643
37 0.37 0 0 0.997593 0.120908
37 0.37 0 1 1.0022 0.22863
37 0.37 0 2 1.01097 -0.269138
38 0.38 0 0 0.973691 0.10282
38 0.38 0 1 1.00883 -0.149082
38 0.38 0 2 1.02787 0.0309451
39 0.39 0 0 0.990334 0.178166
39 0.39 0 1 1.00286 -0.214919
39 0.39 0 2 1.0073 0.0152931
40 0.4 0 0 0.969149 -2.82322
40 0.4 0 1 1.00377 0.119165
40 0.4 0 2 1.00802 -0.289766
41 0.41 0 0 0.985415 0.0384171
41 0.41 0 1 0.998873 0.00275833
41 0.41 0 2 1.02591 -0.285458
42 0.42 0 0 0.994027 0.090102
42 0.42 0 1 1.00123 0.00280475
42 0.42 0 2 1.00426 -0.090556
43 0.43 0 0 0.980117 0.118496
43 0.43 0 1 0.998874 -0.00694412
43 0.43 0 2 1.00809 0.363716
44 0.44 0 0 0.997514 -0.407849
44 0.44 0 1 0.999602 0.0377989
44 0.44 0 2 1.00248 -1.38605e-05
45 0.45 0 0 0.989268 -0.28582
45 0.45 0 1 0.999682 0.175108
45 0.45 0 2 1.01364 -0.0176128
46 0.46 0 0 0.99559 0.411361
46 0.46 0 1 0.999672 -0.0147269
46 0.46 0 2 1.01321 3.05137
47 0.47 0 0 0.985053 0.0642627
47 0.47 0 1 0.990383 -0.00972215
47 0.47 0 2 1.01311 -0.403844
48 0.48 0 0 0.997406 0.322901
48 0.48 0 1 0.999606 0.0127281
48 0.48 0 2 1.012 -3.09433
49 0.49 0 0 0.979649 0.179426
49 0.49 0 1 1.01251 -0.0257064
49 0.49 0 2 1.02 -0.453091
50 0.5 0 0 0.993081 0.0990453
50 0.5 0 1 0.996726 -0.0724781
50 0.5 0 2 1.00715 -0.43922
51 0.5 0.01 0 0.983804 -0.0876994
51 0.5 0.01 1 1.01603 0.0100109
51 0.5 0.01 2 1.01956 -0.207535
52 0.5 0.02 0 0.982519 0.0171412
52 0.5 0.02 1 1.00193 -0.191741
52 0.5 0.02 2 1.0207 -2.98882
53 0.5 0.03 0 0.943605 2.98294
53 0.5 0.03 1 1.00229 -0.104613
53 0.5 0.03 2 1.03022 -0.233554
54 0.5 0.04 0 0.986025 0.287037
54 0.5 0.04 1 1.00769 -0.0977082
54 0.5 0.04 2 1.01365 0.0446541
55 0.5 0.05 0 0.984493 -0.0239909
55 0.5 0.05 1 0.995227 -0.349394
55 0.5 0.05 2 1.0227 2.91022
56 0.5 0.06 0 0.981869 0.0252089
56 0.5 0.06 1 1.02101 0.242662
56 0.5 0.06 2 1.03395 -0.199451
57 0.5 0.07 0 0.972035 2.78089
57 0.5 0.07 1 1.00975 -0.141795
57 0.5 0.07 2 1.01161 0.0271092
58 0.5 0.08 0 0.985134 -0.0765601
58 0.5 0.08 1 1.00496 0.0383193
58 0.5 0.08 2 1.00589 0.11917
59 0.5 0.09 0 0.977932 3.04369
59 0.5 0.09 1 0.989278 -0.0788973
59 0.5 0.09 2 1.02391 -0.0119909
60 0.5 0.1 0 0.985343 -0.354552
60 0.5 0.1 1 0.992512 -0.0737482
60 0.5 0.1 2 1.00779 -0.0622986
61 0.5 0.11 0 0.995848 2.967
61 0.5 0.11 1 0.997331 -3.07393
61 0.5 0.11 2 0.998497 2.6821
62 0.5 0.12 0 0.951049 0.40646
62 0.5 0.12 1 1.00725 -3.10726
62 0.5 0.12 2 1.0305 -2.76261
63 0.5 0.13 0 0.991006 2.95814
63 0.5 0.13 1 1.00006 -0.098701
63 0.5 0.13 2 1.00751 0.124865
64 0.5 0.14 0 0.980572 3.07446
64 0.5 0.14 1 1.00128 -0.37206
64 0.5 0.14 2 1.01141 -0.0326519
65 0.5 0.15 0 0.982295 -0.184105
65 0.5 0.15 1 1.00947 0.0343655
65 0.5 0.15 2 1.01588 2.88225
66 0.5 0.16 0 0.981942 -0.115459
66 0.5 0.16 1 1.00618 -3.05719
66 0.5 0.16 2 1.01728 0.0131584
67 0.5 0.17 0 0.97552 2.83561
67 0.5 0.17 1 1.0088 -0.281653
67 0.5 0.17 2 1.0109 -0.0408287
68 0.5 0.18 0 0.965147 -0.214653
68 0.5 0.18 1 1.00617 0.0659849
68 0.5 0.18 2 1.01204 -0.212117
69 0.5 0.19 0 0.974577 -3.01588
69 0.5 0.19 1 0.994121 -0.235818
69 0.5 0.19 2 1.01997 -0.0380439
70 0.5 0.2 0 0.97838 -3.04044
70 0.5 0.2 1 1.00354 0.230486
70 0.5 0.2 2 1.00611 -0.0431328
71 0.5 0.21 0 0.975451 2.88791
71 0.5 0.21 1 1.0064 -0.101727
71 0.5 0.21 2 1.01117 -0.254498
72 0.5 0.22 0 0.986642 -3.1054
72 0.5 0.22 1 0.990835 -0.0705053
72 0.5 0.22 2 1.01408 0.0280188
73 0.5 0.23 0 0.989204 2.9542
73 0.5 0.23 1 1.00347 -0.0676448
73 0.5 0.23 2 1.00716 0.364308
74 0.5 0.24 0 0.967528 3.08219
74 0.5 0.24 1 1.01489 2.77573
74 0.5 0.24 2 1.03361 -0.107511
75 0.5 0.25 0 0.993165 3.13924
75 0.5 0.25 1 0.999487 2.97713
75 0.5 0.25 2 1.01871 -0.060352
76 0.5 0.26 0 0.991309 0.30156
76 0.5 0.26 1 0.9968 -0.0705696
76 0.5 0.26 2 1.0095 0.184783
77 0.5 0.27 0 0.992674 -0.706783
77 0.5 0.27 1 1.0046 -0.0529763
77 0.5 0.27 2 1.01141 -0.496877
78 0.5 0.28 0 0.990404 0.302954
78 0.5 0.28 1 1.00046 -0.0647829
78 0.5 0.28 2 1.00841 -0.0887063
79 0.5 0.29 0 0.964323 -0.123602
79 0.5 0.29 1 1.00668 0.0231835
79 0.5 0.29 2 1.05927 -3.01731
80 0.5 0.3 0 0.959189 3.03775
80 0.5 0.3 1 1.0082 0.247102
80 0.5 0.3 2 1.01512 -0.0727853
81 0.5 0.31 0 0.975335 2.79036
81 0.5 0.31 1 1.00412 -0.324379
81 0.5 0.31 2 1.00744 -0.114659
82 0.5 0.32 0 0.988569 -0.230687
82 0.5 0.32 1 1.00536 0.0292007
82 0.5 0.32 2 1.01135 0.305126
83 0.5 0.33 0 0.979733 2.86581
83 0.5 0.33 1 0.998696 0.0476453
83 0.5 0.33 2 1.02189 -0.125805
84 0.5 0.34 0 0.972138 -0.265006
84 0.5 0.34 1 1.00147 -0.0934029
84 0.5 0.34 2 1.04364 0.11009
85 0.5 0.35 0 0.996606 2.96805
85 0.5 0.35 1 0.998895 -2.91017
85 0.5 0.35 2 1.00682 -0.159851
86 0.5 0.36 0 0.995517 3.10334
86 0.5 0.36 1 0.998415 -2.87627
86 0.5 0.36 2 1.01325 2.64243
87 0.5 0.37 0 0.984854 2.89004
87 0.5 0.37 1 1.00625 -0.108486
87 0.5 0.37 2 1.00881 0.142663
88 0.5 0.38 0 0.987842 -0.0246897
88 0.5 0.38 1 0.994412 0.115928
88 0.5 0.38 2 1.02093 -3.10136
89 0.5 0.39 0 0.986759 2.90872
89 0.5 0.39 1 0.99824 -0.657835
89 0.5 0.39 2 1.00891 -0.113316
90 0.5 0.4 0 0.972333 0.357511
90 0.5 0.4 1 1.00069 -0.0675561
90 0.5 0.4 2 1.05516 0.102375
91 0.5 0.41 0 0.938281 -0.050766
91 0.5 0.41 1 1.00952 -0.277016
91 0.5 0.41 2 1.02597 -0.0440983
92 0.5 0.42 0 0.990103 -0.0692167
92 0.5 0.42 1 0.997465 -0.24625
92 0.5 0.42 2 1.01248 0.290596
93 0.5 0.43 0 0.992709 0.0582961
93 0.5 0.43 1 0.994682 -0.0764246
93 0.5 0.43 2 1.01022 -0.196257
94 0.5 0.44 0 0.979676 -0.0762004
94 0.5 0.44 1 0.995365 3.11987
94 0.5 0.44 2 1.01789 0.185509
95 0.5 0.45 0 0.987926 -0.149852
95 0.5 0.45 1 0.995026 -0.0695697
95 0.5 0.45 2 1.03464 3.12592
96 0.5 0.46 0 0.96331 3.02698
96 0.5 0.46 1 1.00179 -0.0548883
96 0.5 0.46 2 1.01399 -0.290739
97 0.5 0.47 0 0.982694 -0.099861
97 0.5 0.47 1 1.00499 0.119582
97 0.5 0.47 2 1.01707 3.01052
98 0.5 0.48 0 0.984945 0.212908
98 0.5 0.48 1 1.00283 -0.0875964
98 0.5 0.48 2 1.00621 -0.203034
99 0.5 0.49 0 0.993837 -0.0405183
99 0.5 0.49 1 0.996592 -0.05914
99 0.5 0.49 2 1.0184 -0.285532
100 0.5 0.5 0 0.979158 -0.0737526
100 0.5 0.5 1 0.984287 2.96247
100 0.5 0.5 2 1.01903 -0.4043
101 0.5 0.51 0 0.978158 -0.0484427
101 0.5 0.51 1 0.994108 0.00231945
101 0.5 0.51 2 1.05157 -3.03917
102 0.5 0.52 0 0.974877 0.0977898
102 0.5 0.52 1 1.00874 -0.0655617
102 0.5 0.52 2 1.03105 -0.280993
103 0.5 0.53 0 0.984228 -0.126745
103 0.5 0.53 1 0.991612 0.108356
103 0.5 0.53 2 1.02356 -0.0256696
104 0.5 0.54 0 0.997717 -0.225939
104 0.5 0.54 1 0.998997 -0.0697983
104 0.5 0.54 2 1.01094 -0.160279
105 0.5 0.55 0 0.973201 3.10598
105 0.5 0.55 1 1.00634 -0.0596992
105 0.5 0.55 2 1.00984 0.270607
106 0.5 0.56 0 0.975311 3.0594
106 0.5 0.56 1 1.00217 -0.293232
106 0.5 0.56 2 1.01395 -0.0516808
107 0.5 0.57 0 0.975171 0.140825
107 0.5 0.57 1 0.995561 -0.0669362
107 0.5 0.57 2 1.04903 -0.292814
108 0.5 0.58 0 0.986331 -3.08874
108 0.5 0.58 1 0.99636 -0.4676
108 0.5 0.58 2 1.01198 -0.0510925
109 0.5 0.59 0 0.987887 0.227471
109 0.5 0.59 1 1.00169 0.452109
109 0.5 0.59 2 1.0052 -0.0790751
110 0.5 0.6 0 0.994063 0.048309
110 0.5 0.6 1 1.00173 2.81335
110 0.5 0.6 2 1.00563 -0.156459
111 0.5 0.61 0 0.994197 -0.0236659
111 0.5 0.61 1 1.00033 -0.161169
111 0.5 0.61 2 1.01374 3.00699
112 0.5 0.62 0 0.997385 -0.0685378
112 0.5 0.62 1 1.00227 -0.163643
112 0.5 0.62 2 1.0163 -0.0322963
113 0.5 0.63 0 0.990257 -2.92625
113 0.5 0.63 1 0.993068 0.0132533
113 0.5 0.63 2 1.01668 -0.258879
114 0.5 0.64 0 0.989935 2.84951
114 0.5 0.64 1 0.993656 -0.188885
114 0.5 0.64 2 1.01907 -0.0982263
115 0.5 0.65 0 0.989782 -0.291843
115 0.5 0.65 1 1.00079 0.0578073
115 0.5 0.65 2 1.0203 2.85716
116 0.5 0.66 0 0.995965 -2.87381
116 0.5 0.66 1 0.999131 0.193912
116 0.5 0.66 2 1.01067 0.0222534
117 0.5 0.67 0 0.989355 2.99087
117 0.5 0.67 1 0.995993 -0.0852678
117 0.5 0.67 2 1.00943 -0.179142
118 0.5 0.68 0 0.993563 0.0390889
118 0.5 0.68 1 0.994692 0.294394
118 0.5 0.68 2 1.0124 -0.186151
119 0.5 0.69 0 0.982935 0.0464212
119 0.5 0.69 1 0.997236 -0.162452
119 0.5 0.69 2 1.02161 -0.42087
120 0.5 0.7 0 0.988874 -0.223162
120 0.5 0.7 1 0.996267 3.0343
120 0.5 0.7 2 1.01012 2.62484
121 0.5 0.71 0 0.992492 -2.83846
121 0.5 0.71 1 1.00327 3.05252
121 0.5 0.71 2 1.01247 0.170776
122 0.5 0.72 0 0.977645 0.00368306
122 0.5 0.72 1 0.998137 -0.180039
122 0.5 0.72 2 1.03323 -0.409518
123 0.5 0.73 0 0.966634 -3.02697
123 0.5 0.73 1 0.991791 0.0899968
123 0.5 0.73 2 1.0243 -0.145402
124 0.5 0.74 0 0.983131 0.162481
124 0.5 0.74 1 1.0042 -0.151883
124 0.5 0.74 2 1.02664 3.03026
125 0.5 0.75 0 0.969373 0.17176
125 0.5 0.75 1 0.995578 0.0150907
125 0.5 0.75 2 1.02816 -0.200635
126 0.5 0.76 0 0.977404 -0.0401607
126 0.5 0.76 1 1.01612 3.12481
126 0.5 0.76 2 1.01619 -0.220863
127 0.5 0.77 0 0.986353 -0.0201272
127 0.5 0.77 1 1.0055 -3.08407
127 0.5 0.77 2 1.01301 -0.261684
128 0.5 0.78 0 0.990472 -0.0490882
128 0.5 0.78 1 1.0006 0.298348
128 0.5 0.78 2 1.00546 -0.126434
129 0.5 0.79 0 0.985689 -0.0668007
129 0.5 0.79 1 0.98987 -0.388199
129 0.5 0.79 2 1.0032 0.23004
130 0.5 0.8 0 0.972115 3.0533
130 0.5 0.8 1 1.00247 -0.096463
130 0.5 0.8 2 1.00829 -0.510671
131 0.49 0.8 0 0.970242 -0.257488
131 0.49 0.8 1 1.01032 -0.0459797
131 0.49 0.8 2 1.03258 2.94118
132 0.48 0.8 0 0.966718 -3.09569
132 0.48 0.8 1 1.00286 -0.101239
132 0.48 0.8 2 1.01346 0.109067
133 0.47 0.8 0 0.970412 0.24109
133 0.47 0.8 1 0.987205 -0.105371
133 0.47 0.8 2 1.03746 -0.151984
134 0.46 0.8 0 0.975052 2.77812
134 0.46 0.8 1 0.997502 -0.0963712
134 0.46 0.8 2 1.02044 -0.239197
135 0.45 0.8 0 0.981137 -0.0561256
135 0.45 0.8 1 1.00611 3.08018
135 0.45 0.8 2 1.00978 -0.273006
136 0.44 0.8 0 0.985864 2.80998
136 0.44 0.8 1 0.996179 -0.184681
136 0.44 0.8 2 1.01002 -0.0584958
137 0.43 0.8 0 0.987353 0.0287554
137 0.43 0.8 1 0.993378 -0.0730646
137 0.43 0.8 2 1.01975 -0.112289
138 0.42 0.8 0 0.992919 -0.12552
138 0.42 0.8 1 0.999316 0.0549695
138 0.42 0.8 2 1.01788 0.35326
139 0.41 0.8 0 0.990613 -0.172359
139 0.41 0.8 1 0.993557 -0.109999
139 0.41 0.8 2 1.03047 -0.372756
140 0.4 0.8 0 0.996818 -0.315708
140 0.4 0.8 1 1.00294 0.106932
140 0.4 0.8 2 1.0046 -0.0856995
141 0.39 0.8 0 0.985929 -0.12686
141 0.39 0.8 1 1.00469 -0.235613
141 0.39 0.8 2 1.00633 -0.0815367
142 0.38 0.8 0 0.972688 -0.0329647
142 0.38 0.8 1 0.979178 -0.507556
142 0.38 0.8 2 1.08241 3.09987
143 0.37 0.8 0 0.995956 0.279775
143 0.37 0.8 1 1.00014 -3.10107
143 0.37 0.8 2 1.01128 -0.158947
144 0.36 0.8 0 0.98021 2.98738
144 0.36 0.8 1 1.00424 -0.26282
144 0.36 0.8 2 1.00455 -0.126944
145 0.35 0.8 0 0.994063 -0.115449
145 0.35 0.8 1 0.996807 0.173334
145 0.35 0.8 2 1.00024 0.069704
146 0.34 0.8 0 0.992928 2.91298
146 0.34 0.8 1 0.996082 -0.0143668
146 0.34 0.8 2 1.01062 -0.207358
147 0.33 0.8 0 0.990856 -0.0292325
147 0.33 0.8 1 1.00391 -0.481708
147 0.33 0.8 2 1.0085 -3.09659
148 0.32 0.8 0 0.990196 -0.363576
148 0.32 0.8 1 0.999224 -0.0612647
148 0.32 0.8 2 1.01561 -0.109152
149 0.31 0.8 0 0.97073 0.0807429
149 0.31 0.8 1 1.00372 -0.261454
149 0.31 0.8 2 1.02972 -0.0759178
150 0.3 0.8 0 0.990618 -0.213705
150 0.3 0.8 1 0.992158 3.05333
150 0.3 0.8 2 1.01711 0.0441975
151 0.29 0.8 0 0.997082 0.268855
151 0.29 0.8 1 0.998824 -0.100502
151 0.29 0.8 2 1.00929 -3.08535
152 0.28 0.8 0 0.980392 -0.111185
152 0.28 0.8 1 1.00571 -0.29159
152 0.28 0.8 2 1.04151 -0.0379753
153 0.27 0.8 0 0.992428 -0.197441
153 0.27 0.8 1 1.0043 -0.0793253
153 0.27 0.8 2 1.00478 2.868
154 0.26 0.8 0 0.98366 0.173957
154 0.26 0.8 1 0.996987 -0.106282
154 0.26 0.8 2 1.00561 -0.0158428
155 0.25 0.8 0 0.995496 -0.181361
155 0.25 0.8 1 0.997567 0.193277
155 0.25 0.8 2 1.00631 -0.110199
156 0.24 0.8 0 0.969479 -0.410239
156 0.24 0.8 1 1.01435 -0.133932
156 0.24 0.8 2 1.02238 2.78497
157 0.23 0.8 0 0.985318 0.256923
157 0.23 0.8 1 1.00546 -0.291659
157 0.23 0.8 2 1.01204 -0.097307
158 0.22 0.8 0 0.973233 -3.12307
158 0.22 0.8 1 0.994618 -0.19497
158 0.22 0.8 2 1.02349 -0.0183084
159 0.21 0.8 0 0.996646 -0.381859
159 0.21 0.8 1 0.997498 -0.106507
159 0.21 0.8 2 0.99822 -0.458774
160 0.2 0.8 0 0.982469 0.00268378
160 0.2 0.8 1 1.00182 -2.97326
160 0.2 0.8 2 1.01388 -0.137447
161 0.19 0.8 0 0.982387 0.0552004
161 0.19 0.8 1 1.00252 -0.112735
161 0.19 0.8 2 1.00771 -0.256738
162 0.18 0.8 0 0.986882 0.392326
162 0.18 0.8 1 1.00983 -0.207406
162 0.18 0.8 2 1.02277 -0.0294374
163 0.17 0.8 0 0.983504 -0.187795
163 0.17 0.8 1 0.993454 2.69343
163 0.17 0.8 2 1.02367 -0.563559
164 0.16 0.8 0 0.996137 -0.0454537
164 0.16 0.8 1 1.00153 -0.109954
164 0.16 0.8 2 1.00196 0.266839
165 0.15 0.8 0 0.995632 -0.223065
165 0.15 0.8 1 0.999524 -0.11875
165 0.15 0.8 2 1.01113 0.052589
166 0.14 0.8 0 0.988002 0.108097
166 0.14 0.8 1 0.995924 -0.0628415
166 0.14 0.8 2 1.0035 -0.245664
167 0.13 0.8 0 0.995588 0.0993623
167 0.13 0.8 1 0.997952 -0.089599
167 0.13 0.8 2 1.01225 -3.06864
168 0.12 0.8 0 0.984514 2.93543
168 0.12 0.8 1 0.991075 -0.0366109
168 0.12 0.8 2 1.01909 -0.167373
169 0.11 0.8 0 0.990538 -0.0104493
169 0.11 0.8 1 0.999332 -0.111468
169 0.11 0.8 2 1.01028 -0.352874
170 0.1 0.8 0 0.975695 -0.126384
170 0.1 0.8 1 1.00462 0.137596
170 0.1 0.8 2 1.00936 -0.126764
171 0.09 0.8 0 0.985217 -0.0763489
171 0.09 0.8 1 0.990608 0.226369
171 0.09 0.8 2 1.00541 -0.181111
172 0.08 0.8 0 0.98286 -0.00512746
172 0.08 0.8 1 0.995139 -0.157549
172 0.08 0.8 2 1.03956 0.158739
173 0.07 0.8 0 0.985342 -0.101976
173 0.07 0.8 1 0.995612 2.94533
173 0.07 0.8 2 1.00768 -0.190464
174 0.06 0.8 0 0.993407 -0.0855809
174 0.06 0.8 1 0.9955 0.0252519
174 0.06 0.8 2 1.00867 -0.121312
175 0.05 0.8 0 0.99037 0.0016328
175 0.05 0.8 1 1.00392 0.129004
175 0.05 0.8 2 1.00636 -0.129897
176 0.04 0.8 0 0.963754 3.11886
176 0.04 0.8 1 0.997925 -0.066006
176 0.04 0.8 2 1.02111 -0.295357
177 0.03 0.8 0 0.9803 -0.120959
177 0.03 0.8 1 0.999832 -0.289055
177 0.03 0.8 2 1.00386 0.0725288
178 0.02 0.8 0 0.98056 3.06354
178 0.02 0.8 1 1.00005 -0.0937791
178 0.02 0.8 2 1.01044 0.155003
179 0.01 0.8 0 0.978084 -0.202509
179 0.01 0.8 1 0.99971 -0.118
179 0.01 0.8 2 1.01518 0.0281973
180 0 0.8 0 0.995661 -0.0470385
180 0 0.8 1 1.00032 0.0745324
180 0 0.8 2 1.01199 2.97496
181 0 0.79 0 0.988076 -0.069193
181 0 0.79 1 1.00747 0.0776659
181 0 0.79 2 1.00792 0.200087
182 0 0.78 0 0.987218 0.341261
182 0 0.78 1 0.992582 0.0888743
182 0 0.78 2 1.01165 -0.102545
183 0 0.77 0 0.99061 0.0249815
183 0 0.77 1 0.995547 3.03624
183 0 0.77 2 0.999733 -0.140863
184 0 0.76 0 0.983574 0.0250258
184 0 0.76 1 0.994483 -0.172916
184 0 0.76 2 1.02907 0.211123
185 0 0.75 0 0.993675 -0.0533603
185 0 0.75 1 1.00973 0.177954
185 0 0.75 2 1.02091 -0.272367
186 0 0.74 0 0.945719 -3.06899
186 0 0.74 1 1.01501 0.0406497
186 0 0.74 2 1.02136 -0.00665657
187 0 0.73 0 0.989912 0.0014272
187 0 0.73 1 0.997252 -0.119896
187 0 0.73 2 1.01697 3.00553
188 0 0.72 0 0.991338 0.0238683
188 0 0.72 1 1.00877 -0.0880761
188 0 0.72 2 1.01077 -0.0289812
189 0 0.71 0 0.968642 -3.11789
189 0 0.71 1 0.990539 0.0197503
189 0 0.71 2 1.02346 -0.00877155
190 0 0.7 0 0.976525 0.0646824
190 0 0.7 1 1.00836 0.000882414
190 0 0.7 2 1.02165 -2.97964
191 0 0.69 0 0.993447 0.0917652
191 0 0.69 1 0.995342 -0.06876
191 0 0.69 2 1.03089 2.92738
192 0 0.68 0 0.9905 -0.277493
192 0 0.68 1 0.996419 -0.00138991
192 0 0.68 2 1.01595 0.197878
193 0 0.67 0 0.994519 -0.00410038
193 0 0.67 1 1.00026 0.346978
193 0 0.67 2 1.02121 0.0835949
194 0 0.66 0 0.984755 -0.0312262
194 0 0.66 1 0.99779 3.04484
194 0 0.66 2 1.00931 0.127148
195 0 0.65 0 0.969212 -0.0723214
195 0 0.65 1 1.01665 0.0685746
195 0 0.65 2 1.03849 0.207863
196 0 0.64 0 0.998314 -0.0374994
196 0 0.64 1 1.00036 -0.125766
196 0 0.64 2 1.00395 2.8963
197 0 0.63 0 0.985216 -0.0381664
197 0 0.63 1 0.999789 0.0609522
197 0 0.63 2 1.02351 3.09393
198 0 0.62 0 0.959934 -2.98414
198 0 0.62 1 1.01182 0.0360194
198 0 0.62 2 1.01411 -0.0689427
199 0 0.61 0 0.982893 -0.0916782
199 0 0.61 1 0.998133 -0.204451
199 0 0.61 2 1.00471 0.022006
200 0 0.6 0 0.988043 -0.200184
200 0 0.6 1 0.993793 -0.00979911
200 0 0.6 2 1.04052 3.09154
201 0 0.59 0 0.963945 -2.8814
201 0 0.59 1 1.00135 0.0699009
201 0 0.59 2 1.02166 0.454141
202 0 0.58 0 0.986005 -0.131273
202 0 0.58 1 1.00243 0.0986355
202 0 0.58 2 1.01723 2.87396
203 0 0.57 0 0.993373 -2.90666
203 0 0.57 1 1.00186 0.0658823
203 0 0.57 2 1.00414 -0.233679
204 0 0.56 0 0.97309 0.191425
204 0 0.56 1 1.00681 -0.0164515
204 0 0.56 2 1.01037 -0.233764
205 0 0.55 0 0.961986 -0.104648
205 0 0.55 1 1.00103 0.0275883
205 0 0.55 2 1.00238 0.228254
206 0 0.54 0 0.984241 3.11899
206 0 0.54 1 0.988535 0.0910627
206 0 0.54 2 1.01199 0.0144063
207 0 0.53 0 0.993896 -0.101189
207 0 0.53 1 1.00327 0.0290467
207 0 0.53 2 1.00427 -0.0549908
208 0 0.52 0 0.983009 3.04568
208 0 0.52 1 1.00462 0.0476425
208 0 0.52 2 1.00809 -0.204898
209 0 0.51 0 0.97868 0.132413
209 0 0.51 1 0.998895 -0.00772944
209 0 0.51 2 1.05135 -0.16042
210 0 0.5 0 0.981741 0.195829
210 0 0.5 1 0.991414 0.00353312
210 0 0.5 2 1.00492 -0.166338
211 0 0.49 0 0.995168 -0.0829668
211 0 0.49 1 0.996109 0.0398323
211 0 0.49 2 1.0123 0.209863
212 0 0.48 0 0.956006 0.0374573
212 0 0.48 1 1.0169 -0.208011
212 0 0.48 2 1.01735 0.0125496
213 0 0.47 0 0.981324 -0.0142408
213 0 0.47 1 0.993551 -0.203951
213 0 0.47 2 1.0381 -3.1031
214 0 0.46 0 0.995189 0.0310059
214 0 0.46 1 0.998659 -0.0138091
214 0 0.46 2 0.998976 0.252911
215 0 0.45 0 0.997067 0.0917693
215 0 0.45 1 0.999703 3.0905
215 0 0.45 2 1.00287 -0.0466386
216 0 0.44 0 0.992701 -0.00228764
216 0 0.44 1 0.993452 -0.212618
216 0 0.44 2 0.998229 0.145079
217 0 0.43 0 0.950823 3.09274
217 0 0.43 1 1.00416 -0.0240225
217 0 0.43 2 1.02222 0.157849
218 0 0.42 0 0.982461 -0.174874
218 0 0.42 1 1.01077 0.0520335
218 0 0.42 2 1.02203 -3.02896
219 0 0.41 0 0.998836 0.216004
219 0 0.41 1 1.0019 -0.0232777
219 0 0.41 2 1.00384 -3.0681
220 0 0.4 0 0.985055 -0.0432778
220 0 0.4 1 0.992599 3.05358
220 0 0.4 2 1.02068 -0.00475664
221 0 0.39 0 0.985475 -0.041799
221 0 0.39 1 0.988993 0.132195
221 0 0.39 2 1.01854 -0.00196721
222 0 0.38 0 0.993804 0.149958
222 0 0.38 1 0.996655 -0.151047
222 0 0.38 2 0.998719 0.00195637
223 0 0.37 0 0.997651 0.226964
223 0 0.37 1 0.999369 -0.0211507
223 0 0.37 2 1.00916 2.94755
224 0 0.36 0 0.965928 3.0637
224 0 0.36 1 0.999221 -0.0392584
224 0 0.36 2 1.02362 0.041781
225 0 0.35 0 0.9853 -0.040393
225 0 0.35 1 0.989704 0.189644
225 0 0.35 2 1.01851 0.0182421
226 0 0.34 0 0.960152 0.0030148
226 0 0.34 1 1.00208 -0.152842
226 0 0.34 2 1.02938 0.0989518
227 0 0.33 0 0.978286 -0.050056
227 0 0.33 1 1.0073 0.129915
227 0 0.33 2 1.02787 -0.35165
228 0 0.32 0 0.999018 -0.0122363
228 0 0.32 1 1.00711 -0.0932698
228 0 0.32 2 1.00824 0.145877
229 0 0.31 0 0.984772 0.0580609
229 0 0.31 1 1.00033 -0.109549
229 0 0.31 2 1.02589 -0.014792
230 0 0.3 0 0.984182 -0.150821
230 0 0.3 1 0.998248 -0.0171159
230 0 0.3 2 1.01151 0.220165
231 0 0.29 0 0.996258 0.00520289
231 0 0.29 1 1.00532 0.470278
231 0 0.29 2 1.00562 -0.178543
232 0 0.28 0 0.963389 0.0459422
232 0 0.28 1 1.01376 -3.1198
232 0 0.28 2 1.03059 -0.163641
233 0 0.27 0 0.988496 0.220602
233 0 0.27 1 1.00863 0.0810063
233 0 0.27 2 1.0138 -0.120072
234 0 0.26 0 0.97852 0.0183619
234 0 0.26 1 1.01267 -0.185213
234 0 0.26 2 1.01879 2.94709
235 0 0.25 0 0.989308 0.0954495
235 0 0.25 1 0.996631 -0.0498401
235 0 0.25 2 1.03463 -3.06844
236 0 0.24 0 0.991963 -0.0207032
236 0 0.24 1 1.00313 0.0132587
236 0 0.24 2 1.00618 -0.219766
237 0 0.23 0 0.971307 0.0155016
237 0 0.23 1 1.01065 -0.0171323
237 0 0.23 2 1.01801 0.114227
238 0 0.22 0 0.982458 -0.00490409
238 0 0.22 1 1.00486 0.0691444
238 0 0.22 2 1.02496 -3.05109
239 0 0.21 0 0.985377 0.0129943
239 0 0.21 1 1.00295 -0.0193602
239 0 0.21 2 1.01398 -3.09842
240 0 0.2 0 0.967168 -0.316589
240 0 0.2 1 0.999453 -0.0113642
240 0 0.2 2 1.01739 0.218024
241 0 0.19 0 0.982698 -0.273837
241 0 0.19 1 1.00528 0.00522084
241 0 0.19 2 1.01466 0.0694546
242 0 0.18 0 0.990347 3.06929
242 0 0.18 1 1.00244 0.0881771
242 0 0.18 2 1.00323 -0.0456753
243 0 0.17 0 0.977053 0.21547
243 0 0.17 1 0.999331 0.00132866
243 0 0.17 2 1.00956 0.0846825
244 0 0.16 0 0.981186 0.108476
244 0 0.16 1 1.00343 0.0298309
244 0 0.16 2 1.01847 -0.0483514
245 0 0.15 0 0.991487 -0.11574
245 0 0.15 1 1.00183 0.133905
245 0 0.15 2 1.02372 -0.00885785
246 0 0.14 0 0.975959 0.145549
246 0 0.14 1 1.00603 0.00916007
246 0 0.14 2 1.01131 -0.294874
247 0 0.13 0 0.980403 0.0750492
247 0 0.13 1 1.00182 -0.0345908
247 0 0.13 2 1.02986 -3.10645
248 0 0.12 0 0.997842 -0.0357851
248 0 0.12 1 0.998915 -0.289446
248 0 0.12 2 1.00274 0.00744031
249 0 0.11 0 0.997106 0.111227
249 0 0.11 1 1.0104 -0.01528
249 0 0.11 2 1.01651 0.389246
250 0 0.1 0 0.966638 -0.0273915
250 0 0.1 1 0.986702 -0.378288
250 0 0.1 2 1.03695 0.142688
251 0 0.09 0 0.98215 -0.0229859
251 0 0.09 1 0.996893 0.39952
251 0 0.09 2 1.01845 -0.0253011
252 0 0.08 0 0.990098 -0.175423
252 0 0.08 1 0.994626 0.00117879
252 0 0.08 2 1.00409 -0.44314
253 0 0.07 0 0.973009 0.161035
253 0 0.07 1 1.00672 -0.0224817
253 0 0.07 2 1.04248 0.247182
254 0 0.06 0 0.977263 -0.144778
254 0 0.06 1 0.999338 -0.00275962
254 0 0.06 2 1.05391 3.03095
255 0 0.05 0 0.946522 3.05244
255 0 0.05 1 1.01183 -0.00100286
255 0 0.05 2 1.01293 -0.0790904
256 0 0.04 0 0.987685 0.0564159
256 0 0.04 1 1.0086 -0.0736774
256 0 0.04 2 1.01333 -2.97333
257 0 0.03 0 0.992059 0.0082558
257 0 0.03 1 1.00233 3.08455
257 0 0.03 2 1.00676 0.163515
258 0 0.02 0 0.974635 -0.0147919
258 0 0.02 1 0.999056 0.148149
258 0 0.02 2 1.04538 3.10638
259 0 0.01 0 0.991421 -0.261399
259 0 0.01 1 1.00289 0.0123202
259 0 0.01 2 1.00496 -0.123081
