0 0 0.892622 0.021357 0.986968 -0.0763565 1.12041 0.0549995
0.001 0 0.892464 0.0202857 0.986883 -0.0770398 1.12086 0.0540927
0.002 0 0.892263 0.0192225 0.986751 -0.0777436 1.12125 0.0532108
0.003 0 0.892021 0.0181679 0.986571 -0.0784679 1.12159 0.0523538
0.004 0 0.891737 0.0171223 0.986345 -0.079213 1.12186 0.0515219
0.005 0 0.89141 0.0160861 0.986071 -0.0799787 1.12207 0.0507148
0.006 0 0.891042 0.0150598 0.985751 -0.0807653 1.12222 0.0499326
0.007 0 0.890632 0.0140438 0.985386 -0.0815726 1.12231 0.0491752
0.008 0 0.89018 0.0130385 0.984975 -0.0824007 1.12233 0.0484425
0.009 0 0.889686 0.0120444 0.98452 -0.0832496 1.1223 0.0477345
0.01 0 0.88915 0.0110618 0.98402 -0.0841193 1.1222 0.0470509
0.011 0 0.888572 0.0100913 0.983475 -0.0850096 1.12204 0.0463917
0.012 0 0.887952 0.00913307 0.982887 -0.0859206 1.12182 0.0457566
0.013 0 0.887291 0.00818767 0.982255 -0.0868521 1.12154 0.0451457
0.014 0 0.886588 0.00725542 0.981581 -0.087804 1.12119 0.0445587
0.015 0 0.885844 0.0063367 0.980863 -0.0887762 1.12078 0.0439954
0.016 0 0.885059 0.00543187 0.980103 -0.0897686 1.12031 0.0434556
0.017 0 0.884232 0.00454127 0.979301 -0.090781 1.11978 0.0429392
0.018 0 0.883364 0.00366525 0.978456 -0.0918133 1.11918 0.042446
0.019 0 0.882455 0.00280412 0.977571 -0.0928652 1.11852 0.0419757
0.02 0 0.881505 0.00195821 0.976643 -0.0939366 1.1178 0.0415283
0.021 0 0.880515 0.00112779 0.975675 -0.0950272 1.11701 0.0411033
0.022 0 0.879484 0.000313166 0.974666 -0.0961368 1.11617 0.0407008
0.023 0 0.878413 -0.000485402 0.973616 -0.0972653 1.11526 0.0403203
0.024 0 0.877301 -0.00126766 0.972526 -0.0984122 1.11428 0.0399618
0.025 0 0.87615 -0.00203336 0.971396 -0.0995775 1.11325 0.039625
0.026 0 0.874958 -0.00278227 0.970225 -0.100761 1.11215 0.0393097
0.027 0 0.873728 -0.0035142 0.969016 -0.101962 1.11099 0.0390156
0.028 0 0.872457 -0.00422894 0.967766 -0.10318 1.10977 0.0387426
0.029 0 0.871148 -0.0049263 0.966478 -0.104415 1.10849 0.0384904
0.03 0 0.869799 -0.00560612 0.96515 -0.105668 1.10714 0.0382588
0.031 0 0.868412 -0.00626825 0.963784 -0.106936 1.10574 0.0380475
0.032 0 0.866986 -0.00691255 0.962379 -0.108221 1.10427 0.0378565
0.033 0 0.865522 -0.00753888 0.960936 -0.109522 1.10274 0.0376854
0.034 0 0.86402 -0.00814715 0.959455 -0.110838 1.10116 0.037534
0.035 0 0.862479 -0.00873724 0.957936 -0.112169 1.09951 0.0374022
0.036 0 0.860901 -0.00930909 0.956379 -0.113515 1.0978 0.0372897
0.037 0 0.859286 -0.00986261 0.954785 -0.114875 1.09603 0.0371963
0.038 0 0.857634 -0.0103978 0.953153 -0.116249 1.0942 0.0371218
0.039 0 0.855944 -0.0109145 0.951485 -0.117637 1.09232 0.0370661
0.04 0 0.854218 -0.0114127 0.94978 -0.119038 1.09037 0.0370288
0.041 0 0.852455 -0.0118925 0.948038 -0.120452 1.08837 0.0370099
0.042 0 0.850657 -0.0123537 0.94626 -0.121878 1.0863 0.0370091
0.043 0 0.848822 -0.0127965 0.944446 -0.123317 1.08418 0.0370262
0.044 0 0.846951 -0.0132208 0.942596 -0.124767 1.08201 0.0370612
0.045 0 0.845046 -0.0136265 0.94071 -0.126228 1.07977 0.0371137
0.046 0 0.843105 -0.0140139 0.938789 -0.1277 1.07748 0.0371836
0.047 0 0.841129 -0.0143828 0.936833 -0.129183 1.07513 0.0372708
0.048 0 0.839118 -0.0147334 0.934842 -0.130676 1.07273 0.037375
0.049 0 0.837073 -0.0150656 0.932816 -0.132179 1.07027 0.0374961
0.05 0 0.834994 -0.0153795 0.930756 -0.133691 1.06776 0.037634
0.051 0 0.832882 -0.0156753 0.928662 -0.135212 1.06519 0.0377884
0.052 0 0.830735 -0.0159529 0.926533 -0.136742 1.06257 0.0379593
0.053 0 0.828556 -0.0162125 0.924371 -0.13828 1.05989 0.0381464
0.054 0 0.826343 -0.0164541 0.922176 -0.139826 1.05717 0.0383497
0.055 0 0.824098 -0.0166778 0.919946 -0.14138 1.05439 0.0385689
0.056 0 0.821821 -0.0168836 0.917684 -0.14294 1.05155 0.038804
0.057 0 0.819511 -0.0170718 0.915389 -0.144508 1.04867 0.0390547
0.058 0 0.817169 -0.0172423 0.913062 -0.146082 1.04574 0.0393209
0.059 0 0.814796 -0.0173953 0.910702 -0.147662 1.04275 0.0396025
0.06 0 0.812392 -0.0175308 0.908309 -0.149248 1.03972 0.0398993
0.061 0 0.809956 -0.017649 0.905885 -0.150839 1.03664 0.0402112
0.062 0 0.80749 -0.01775 0.903429 -0.152435 1.03351 0.0405381
0.063 0 0.804994 -0.0178339 0.900942 -0.154036 1.03033 0.0408797
0.064 0 0.802467 -0.0179007 0.898423 -0.155642 1.0271 0.041236
0.065 0 0.799911 -0.0179505 0.895873 -0.157251 1.02383 0.0416068
0.066 0 0.797325 -0.0179836 0.893292 -0.158865 1.02051 0.0419918
0.067 0 0.794709 -0.0179999 0.890681 -0.160482 1.01715 0.0423911
0.068 0 0.792065 -0.0179996 0.888039 -0.162102 1.01374 0.0428044
0.069 0 0.789392 -0.0179827 0.885366 -0.163725 1.01029 0.0432315
0.07 0 0.786691 -0.0179494 0.882664 -0.165351 1.0068 0.0436723
0.071 0 0.783961 -0.0178998 0.879932 -0.166978 1.00327 0.0441266
0.072 0 0.781204 -0.0178339 0.87717 -0.168608 0.999689 0.0445942
0.073 0 0.778419 -0.0177519 0.874379 -0.17024 0.996071 0.045075
0.074 0 0.775607 -0.0176538 0.871558 -0.171873 0.992414 0.0455687
0.075 0 0.772768 -0.0175397 0.868708 -0.173507 0.988718 0.0460752
0.076 0 0.769902 -0.0174098 0.86583 -0.175142 0.984984 0.0465943
0.077 0 0.76701 -0.017264 0.862923 -0.176777 0.981212 0.0471256
0.078 0 0.764092 -0.0171025 0.859987 -0.178413 0.977403 0.0476691
0.079 0 0.761148 -0.0169253 0.857023 -0.180048 0.973558 0.0482245
0.08 0 0.758178 -0.0167326 0.854031 -0.181684 0.969679 0.0487915
0.081 0 0.755183 -0.0165243 0.851011 -0.183318 0.965765 0.04937
0.082 0 0.752163 -0.0163006 0.847963 -0.184952 0.961818 0.0499596
0.083 0 0.749119 -0.0160616 0.844888 -0.186585 0.957839 0.0505601
0.084 0 0.746049 -0.0158072 0.841786 -0.188217 0.953827 0.0511713
0.085 0 0.742956 -0.0155375 0.838656 -0.189846 0.949785 0.0517927
0.086 0 0.739839 -0.0152526 0.8355 -0.191474 0.945714 0.0524243
0.087 0 0.736698 -0.0149526 0.832317 -0.193099 0.941613 0.0530656
0.088 0 0.733534 -0.0146374 0.829107 -0.194722 0.937484 0.0537163
0.089 0 0.730347 -0.0143072 0.825872 -0.196343 0.933327 0.0543762
0.09 0 0.727137 -0.013962 0.82261 -0.19796 0.929144 0.0550448
0.091 0 0.723904 -0.0136018 0.819322 -0.199573 0.924936 0.055722
0.092 0 0.720649 -0.0132267 0.816009 -0.201183 0.920703 0.0564072
0.093 0 0.717372 -0.0128366 0.812671 -0.20279 0.916446 0.0571002
0.094 0 0.714074 -0.0124317 0.809307 -0.204392 0.912167 0.0578006
0.095 0 0.710754 -0.0120119 0.805918 -0.205989 0.907865 0.0585081
0.096 0 0.707413 -0.0115773 0.802505 -0.207582 0.903543 0.0592221
0.097 0 0.704051 -0.0111279 0.799067 -0.209169 0.8992 0.0599424
0.098 0 0.700668 -0.0106637 0.795605 -0.210752 0.894837 0.0606686
0.099 0 0.697265 -0.0101848 0.792119 -0.212328 0.890457 0.0614002
0.1 0 0.693842 -0.00969117 0.78861 -0.213899 0.886058 0.0621368
0.101 0 0.6904 -0.00918284 0.785077 -0.215464 0.881643 0.062878
0.102 0 0.686937 -0.00865983 0.78152 -0.217022 0.877212 0.0636234
0.103 0 0.683456 -0.00812217 0.777941 -0.218573 0.872766 0.0643726
0.104 0 0.679956 -0.00756986 0.774339 -0.220117 0.868306 0.065125
0.105 0 0.676437 -0.00700294 0.770715 -0.221654 0.863832 0.0658803
0.106 0 0.672899 -0.00642142 0.767069 -0.223184 0.859346 0.0666381
0.107 0 0.669344 -0.00582533 0.763401 -0.224705 0.854849 0.0673977
0.108 0 0.66577 -0.00521469 0.759712 -0.226218 0.85034 0.0681589
0.109 0 0.662179 -0.00458953 0.756001 -0.227722 0.845822 0.0689212
0.11 0 0.658571 -0.00394988 0.75227 -0.229218 0.841294 0.069684
0.111 0 0.654946 -0.00329577 0.748518 -0.230705 0.836759 0.0704469
0.112 0 0.651304 -0.00262723 0.744746 -0.232182 0.832215 0.0712095
0.113 0 0.647646 -0.0019443 0.740954 -0.23365 0.827665 0.0719713
0.114 0 0.643972 -0.00124702 0.737142 -0.235107 0.823109 0.0727318
0.115 0 0.640281 -0.000535444 0.733311 -0.236555 0.818548 0.0734906
0.116 0 0.636576 0.000190388 0.729462 -0.237991 0.813982 0.0742471
0.117 0 0.632855 0.000930418 0.725593 -0.239417 0.809413 0.075001
0.118 0 0.629119 0.00168458 0.721707 -0.240832 0.804841 0.0757518
0.119 0 0.625368 0.00245282 0.717803 -0.242236 0.800267 0.0764991
0.12 0 0.621603 0.00323505 0.713881 -0.243627 0.795691 0.0772423
0.121 0 0.617824 0.0040312 0.709942 -0.245007 0.791115 0.077981
0.122 0 0.614031 0.00484117 0.705986 -0.246375 0.786539 0.0787148
0.123 0 0.610224 0.00566488 0.702014 -0.24773 0.781963 0.0794433
0.124 0 0.606404 0.00650222 0.698026 -0.249072 0.777389 0.080166
0.125 0 0.602572 0.00735307 0.694023 -0.250401 0.772818 0.0808826
0.126 0 0.598726 0.00821733 0.690004 -0.251717 0.768249 0.0815925
0.127 0 0.594868 0.00909485 0.68597 -0.253019 0.763684 0.0822954
0.128 0 0.590998 0.0099855 0.681922 -0.254308 0.759124 0.0829909
0.129 0 0.587116 0.0108891 0.67786 -0.255582 0.754568 0.0836787
0.13 0 0.583222 0.0118056 0.673785 -0.256842 0.750018 0.0843583
0.131 0 0.579317 0.0127346 0.669696 -0.258087 0.745474 0.0850293
0.132 0 0.575401 0.0136762 0.665594 -0.259317 0.740937 0.0856915
0.133 0 0.571474 0.01463 0.66148 -0.260532 0.736408 0.0863445
0.134 0 0.567537 0.0155958 0.657354 -0.261732 0.731888 0.086988
0.135 0 0.563589 0.0165735 0.653217 -0.262916 0.727376 0.0876216
0.136 0 0.559631 0.0175628 0.649068 -0.264084 0.722873 0.0882451
0.137 0 0.555664 0.0185634 0.644909 -0.265236 0.718381 0.0888582
0.138 0 0.551687 0.0195751 0.64074 -0.266371 0.713899 0.0894605
0.139 0 0.547701 0.0205976 0.63656 -0.26749 0.709429 0.090052
0.14 0 0.543705 0.0216306 0.632372 -0.268592 0.704971 0.0906322
0.141 0 0.539701 0.0226739 0.628174 -0.269677 0.700526 0.091201
0.142 0 0.535688 0.023727 0.623968 -0.270745 0.696093 0.0917583
0.143 0 0.531667 0.0247897 0.619754 -0.271795 0.691675 0.0923038
0.144 0 0.527638 0.0258616 0.615532 -0.272827 0.68727 0.0928373
0.145 0 0.523602 0.0269423 0.611303 -0.273841 0.682881 0.0933587
0.146 0 0.519557 0.0280314 0.607068 -0.274837 0.678507 0.0938679
0.147 0 0.515505 0.0291286 0.602826 -0.275815 0.674149 0.0943648
0.148 0 0.511446 0.0302334 0.598578 -0.276774 0.669807 0.0948492
0.149 0 0.50738 0.0313453 0.594325 -0.277714 0.665482 0.0953212
0.15 0 0.503308 0.032464 0.590067 -0.278635 0.661175 0.0957806
0.151 0 0.499229 0.033589 0.585805 -0.279537 0.656886 0.0962274
0.152 0 0.495144 0.0347198 0.581539 -0.280419 0.652616 0.0966617
0.153 0 0.491053 0.0358558 0.577269 -0.281282 0.648364 0.0970834
0.154 0 0.486956 0.0369966 0.572996 -0.282126 0.644132 0.0974926
0.155 0 0.482854 0.0381416 0.56872 -0.282949 0.639919 0.0978893
0.156 0 0.478747 0.0392903 0.564442 -0.283752 0.635727 0.0982736
0.157 0 0.474635 0.0404422 0.560163 -0.284535 0.631556 0.0986455
0.158 0 0.470518 0.0415965 0.555882 -0.285297 0.627406 0.0990052
0.159 0 0.466396 0.0427529 0.5516 -0.286039 0.623277 0.0993528
0.16 0 0.462271 0.0439105 0.547319 -0.28676 0.61917 0.0996885
0.161 0 0.458142 0.0450689 0.543037 -0.28746 0.615086 0.100012
0.162 0 0.454009 0.0462274 0.538755 -0.288139 0.611024 0.100325
0.163 0 0.449874 0.0473854 0.534475 -0.288796 0.606984 0.100625
0.164 0 0.445735 0.0485423 0.530196 -0.289433 0.602968 0.100915
0.165 0 0.441594 0.0496973 0.525919 -0.290048 0.598975 0.101193
0.166 0 0.437451 0.0508498 0.521645 -0.290641 0.595006 0.101461
0.167 0 0.433305 0.0519992 0.517373 -0.291212 0.59106 0.101718
0.168 0 0.429159 0.0531447 0.513105 -0.291762 0.587139 0.101965
0.169 0 0.425011 0.0542859 0.50884 -0.29229 0.583242 0.102202
0.17 0 0.420863 0.0554218 0.50458 -0.292795 0.579369 0.102429
0.171 0 0.416715 0.056552 0.500324 -0.293279 0.57552 0.102647
0.172 0 0.412567 0.0576757 0.496073 -0.29374 0.571696 0.102855
0.173 0 0.408419 0.0587922 0.491827 -0.294178 0.567896 0.103055
0.174 0 0.404273 0.059901 0.487588 -0.294594 0.564121 0.103245
0.175 0 0.400128 0.0610013 0.483355 -0.294988 0.560371 0.103428
0.176 0 0.395985 0.0620926 0.479129 -0.295359 0.556645 0.103602
0.177 0 0.391845 0.0631742 0.47491 -0.295707 0.552944 0.103768
0.178 0 0.387708 0.0642454 0.470699 -0.296033 0.549268 0.103927
0.179 0 0.383575 0.0653057 0.466495 -0.296335 0.545616 0.104078
0.18 0 0.379445 0.0663545 0.462301 -0.296615 0.541988 0.104222
0.181 0 0.375321 0.0673912 0.458115 -0.296871 0.538385 0.104359
0.182 0 0.371201 0.0684153 0.453939 -0.297105 0.534806 0.10449
0.183 0 0.367087 0.0694261 0.449773 -0.297315 0.531251 0.104614
0.184 0 0.36298 0.0704233 0.445617 -0.297503 0.52772 0.104732
0.185 0 0.358879 0.0714062 0.441471 -0.297667 0.524213 0.104844
0.186 0 0.354786 0.0723743 0.437337 -0.297808 0.520729 0.10495
0.187 0 0.3507 0.0733273 0.433214 -0.297925 0.517269 0.10505
0.188 0 0.346624 0.0742647 0.429104 -0.29802 0.513832 0.105145
0.189 0 0.342556 0.075186 0.425005 -0.298091 0.510418 0.105235
0.19 0 0.338498 0.0760908 0.420919 -0.298139 0.507027 0.10532
0.191 0 0.33445 0.0769787 0.416847 -0.298164 0.503659 0.105399
0.192 0 0.330412 0.0778494 0.412788 -0.298165 0.500313 0.105474
0.193 0 0.326386 0.0787025 0.408743 -0.298143 0.496989 0.105544
0.194 0 0.322372 0.0795377 0.404712 -0.298098 0.493687 0.105609
0.195 0 0.31837 0.0803546 0.400696 -0.29803 0.490407 0.105669
0.196 0 0.314381 0.081153 0.396695 -0.297938 0.487148 0.105725
0.197 0 0.310406 0.0819327 0.392709 -0.297823 0.483911 0.105776
0.198 0 0.306444 0.0826932 0.38874 -0.297685 0.480694 0.105823
0.199 0 0.302497 0.0834345 0.384786 -0.297524 0.477499 0.105866
