0 0 0.79653 -0.119534 1.00879 -0.00282352 1.19468 0.122358
0.001 0 0.796857 -0.120495 1.00756 -0.00391603 1.19419 0.120092
0.002 0 0.797135 -0.121458 1.0063 -0.00501143 1.19362 0.117835
0.003 0 0.797364 -0.122421 1.00501 -0.00610932 1.19298 0.115588
0.004 0 0.797546 -0.123385 1.0037 -0.0072093 1.19226 0.11335
0.005 0 0.797678 -0.124349 1.00237 -0.00831098 1.19146 0.111121
0.006 0 0.797761 -0.125314 1.00101 -0.00941402 1.19059 0.108901
0.007 0 0.797795 -0.126279 0.999627 -0.0105181 1.18964 0.10669
0.008 0 0.797779 -0.127243 0.998219 -0.0116228 1.18861 0.104489
0.009 0 0.797714 -0.128208 0.996787 -0.012728 1.1875 0.102298
0.01 0 0.797599 -0.129171 0.995331 -0.0138332 1.18632 0.100117
0.011 0 0.797435 -0.130134 0.993851 -0.0149384 1.18507 0.0979448
0.012 0 0.79722 -0.131095 0.992347 -0.0160431 1.18374 0.095783
0.013 0 0.796956 -0.132055 0.990821 -0.0171473 1.18233 0.0936314
0.014 0 0.796641 -0.133014 0.989271 -0.0182506 1.18085 0.09149
0.015 0 0.796277 -0.13397 0.987697 -0.0193529 1.17929 0.089359
0.016 0 0.795862 -0.134924 0.986101 -0.0204541 1.17766 0.0872386
0.017 0 0.795398 -0.135875 0.984482 -0.0215539 1.17595 0.085129
0.018 0 0.794884 -0.136823 0.982841 -0.0226523 1.17417 0.0830304
0.019 0 0.79432 -0.137768 0.981176 -0.0237491 1.17232 0.080943
0.02 0 0.793706 -0.13871 0.979489 -0.0248442 1.17039 0.0788669
0.021 0 0.793042 -0.139648 0.97778 -0.0259375 1.16839 0.0768025
0.022 0 0.792329 -0.140582 0.976048 -0.027029 1.16632 0.07475
0.023 0 0.791566 -0.141511 0.974293 -0.0281185 1.16418 0.0727095
0.024 0 0.790754 -0.142435 0.972516 -0.0292061 1.16196 0.0706813
0.025 0 0.789894 -0.143355 0.970717 -0.0302917 1.15968 0.0686658
0.026 0 0.788984 -0.144269 0.968895 -0.0313752 1.15732 0.066663
0.027 0 0.788026 -0.145178 0.967051 -0.0324567 1.15489 0.0646734
0.028 0 0.787019 -0.14608 0.965185 -0.0335361 1.1524 0.0626972
0.029 0 0.785965 -0.146977 0.963297 -0.0346135 1.14983 0.0607347
0.03 0 0.784863 -0.147866 0.961386 -0.0356889 1.14719 0.0587862
0.031 0 0.783713 -0.148749 0.959453 -0.0367623 1.14449 0.056852
0.032 0 0.782516 -0.149625 0.957497 -0.0378338 1.14172 0.0549324
0.033 0 0.781273 -0.150494 0.95552 -0.0389035 1.13888 0.0530278
0.034 0 0.779983 -0.151354 0.95352 -0.0399713 1.13597 0.0511384
0.035 0 0.778647 -0.152207 0.951497 -0.0410374 1.133 0.0492646
0.036 0 0.777266 -0.153051 0.949452 -0.042102 1.12995 0.0474068
0.037 0 0.775839 -0.153887 0.947385 -0.043165 1.12685 0.0455653
0.038 0 0.774368 -0.154714 0.945295 -0.0442266 1.12368 0.0437405
0.039 0 0.772852 -0.155532 0.943183 -0.0452869 1.12044 0.0419328
0.04 0 0.771293 -0.156341 0.941049 -0.0463461 1.11714 0.0401426
0.041 0 0.76969 -0.15714 0.938892 -0.0474044 1.11378 0.0383702
0.042 0 0.768044 -0.157929 0.936712 -0.0484618 1.11035 0.0366161
0.043 0 0.766356 -0.158707 0.93451 -0.0495186 1.10686 0.0348807
0.044 0 0.764625 -0.159476 0.932286 -0.050575 1.10331 0.0331645
0.045 0 0.762854 -0.160234 0.930039 -0.0516311 1.0997 0.0314678
0.046 0 0.761041 -0.160981 0.927769 -0.0526873 1.09603 0.0297912
0.047 0 0.759188 -0.161717 0.925477 -0.0537436 1.09229 0.0281352
0.048 0 0.757295 -0.162441 0.923162 -0.0548004 1.0885 0.0265001
0.049 0 0.755363 -0.163154 0.920825 -0.055858 1.08465 0.0248866
0.05 0 0.753393 -0.163855 0.918465 -0.0569167 1.08073 0.0232951
0.051 0 0.751384 -0.164545 0.916082 -0.0579767 1.07676 0.0217262
0.052 0 0.749337 -0.165222 0.913678 -0.0590383 1.07274 0.0201805
0.053 0 0.747253 -0.165886 0.91125 -0.0601021 1.06865 0.0186585
0.054 0 0.745133 -0.166539 0.9088 -0.0611682 1.06451 0.0171608
0.055 0 0.742977 -0.167178 0.906328 -0.0622371 1.06032 0.015688
0.056 0 0.740785 -0.167804 0.903833 -0.0633093 1.05607 0.0142408
0.057 0 0.738559 -0.168418 0.901315 -0.0643851 1.05177 0.0128199
0.058 0 0.736298 -0.169018 0.898776 -0.0654651 1.04741 0.0114258
0.059 0 0.734004 -0.169604 0.896213 -0.0665498 1.043 0.0100595
0.06 0 0.731676 -0.170177 0.893629 -0.0676397 1.03853 0.00872145
0.061 0 0.729317 -0.170736 0.891022 -0.0687354 1.03402 0.00741259
0.062 0 0.726925 -0.171281 0.888392 -0.0698374 1.02946 0.00613367
0.063 0 0.724502 -0.171812 0.88574 -0.0709465 1.02484 0.00488552
0.064 0 0.722048 -0.172329 0.883065 -0.0720632 1.02018 0.00366899
0.065 0 0.719563 -0.172831 0.880368 -0.0731884 1.01547 0.00248496
0.066 0 0.71705 -0.173319 0.877648 -0.0743227 1.01071 0.00133435
0.067 0 0.714507 -0.173792 0.874905 -0.0754669 1.0059 0.000218108
0.068 0 0.711935 -0.17425 0.872138 -0.0766218 1.00105 -0.0008628
0.069 0 0.709335 -0.174693 0.869349 -0.0777883 0.996161 -0.00190737
0.07 0 0.706708 -0.175121 0.866535 -0.0789672 0.991225 -0.0029146
0.071 0 0.704055 -0.175533 0.863698 -0.0801595 0.986247 -0.00388342
0.072 0 0.701374 -0.17593 0.860836 -0.081366 0.981228 -0.00481281
0.073 0 0.698668 -0.176312 0.85795 -0.0825877 0.976171 -0.00570169
0.074 0 0.695937 -0.176678 0.855037 -0.0838255 0.971077 -0.00654902
0.075 0 0.69318 -0.177028 0.852099 -0.0850804 0.965947 -0.00735374
0.076 0 0.6904 -0.177362 0.849133 -0.0863532 0.960783 -0.00811485
0.077 0 0.687596 -0.17768 0.84614 -0.0876448 0.955587 -0.00883137
0.078 0 0.684768 -0.177982 0.843117 -0.0889561 0.950361 -0.00950237
0.079 0 0.681917 -0.178268 0.840065 -0.0902877 0.945108 -0.010127
0.08 0 0.679044 -0.178537 0.836981 -0.0916405 0.939829 -0.0107046
0.081 0 0.67615 -0.17879 0.833864 -0.0930148 0.934526 -0.0112345
0.082 0 0.673234 -0.179026 0.830713 -0.0944112 0.929203 -0.0117162
0.083 0 0.670296 -0.179246 0.827527 -0.0958299 0.923862 -0.0121494
0.084 0 0.667339 -0.179448 0.824303 -0.097271 0.918506 -0.012534
0.085 0 0.664361 -0.179633 0.821041 -0.0987342 0.913137 -0.0128702
0.086 0 0.661363 -0.179802 0.817738 -0.100219 0.907759 -0.0131582
0.087 0 0.658347 -0.179953 0.814392 -0.101726 0.902374 -0.0133986
0.088 0 0.655311 -0.180086 0.811003 -0.103253 0.896984 -0.0135923
0.089 0 0.652256 -0.180202 0.807568 -0.104799 0.891593 -0.0137403
0.09 0 0.649184 -0.180301 0.804087 -0.106363 0.886203 -0.013844
0.091 0 0.646094 -0.180382 0.800558 -0.107944 0.880817 -0.0139047
0.092 0 0.642986 -0.180444 0.79698 -0.10954 0.875436 -0.0139244
0.093 0 0.639861 -0.180489 0.793352 -0.111149 0.870063 -0.0139048
0.094 0 0.636718 -0.180516 0.789675 -0.11277 0.8647 -0.013848
0.095 0 0.63356 -0.180524 0.785947 -0.114399 0.859348 -0.0137561
0.096 0 0.630385 -0.180514 0.782168 -0.116035 0.854008 -0.0136312
0.097 0 0.627194 -0.180486 0.778339 -0.117676 0.848682 -0.0134756
0.098 0 0.623986 -0.180439 0.774461 -0.11932 0.84337 -0.0132914
0.099 0 0.620764 -0.180373 0.770535 -0.120965 0.838073 -0.0130808
0.1 0 0.617525 -0.180288 0.76656 -0.122609 0.832791 -0.0128457
0.101 0 0.614272 -0.180184 0.762539 -0.124249 0.827525 -0.0125882
0.102 0 0.611003 -0.180061 0.758473 -0.125885 0.822274 -0.01231
0.103 0 0.607719 -0.179919 0.754363 -0.127515 0.817039 -0.0120129
0.104 0 0.60442 -0.179758 0.750212 -0.129137 0.811818 -0.0116985
0.105 0 0.601106 -0.179577 0.74602 -0.13075 0.806613 -0.0113682
0.106 0 0.597777 -0.179376 0.741791 -0.132353 0.801422 -0.0110233
0.107 0 0.594433 -0.179156 0.737525 -0.133945 0.796245 -0.0106651
0.108 0 0.591074 -0.178916 0.733225 -0.135525 0.791082 -0.0102945
0.109 0 0.5877 -0.178656 0.728894 -0.137091 0.785932 -0.00991252
0.11 0 0.584311 -0.178377 0.724532 -0.138645 0.780795 -0.00952004
0.111 0 0.580907 -0.178077 0.720143 -0.140183 0.77567 -0.00911776
0.112 0 0.577488 -0.177758 0.715729 -0.141707 0.770556 -0.00870634
0.113 0 0.574053 -0.177418 0.711291 -0.143216 0.765454 -0.00828634
0.114 0 0.570603 -0.177059 0.706832 -0.144709 0.760363 -0.00785825
0.115 0 0.567136 -0.17668 0.702354 -0.146187 0.755282 -0.00742249
0.116 0 0.563654 -0.17628 0.697859 -0.147648 0.750212 -0.00697943
0.117 0 0.560155 -0.175862 0.69335 -0.149092 0.745151 -0.00652938
0.118 0 0.556639 -0.175423 0.688828 -0.15052 0.740099 -0.00607262
0.119 0 0.553106 -0.174966 0.684296 -0.151931 0.735057 -0.00560938
0.12 0 0.549556 -0.174489 0.679756 -0.153324 0.730023 -0.00513985
0.121 0 0.545987 -0.173993 0.675209 -0.154699 0.724999 -0.00466421
0.122 0 0.542401 -0.173479 0.670659 -0.156057 0.719982 -0.00418259
0.123 0 0.538796 -0.172947 0.666107 -0.157397 0.714975 -0.00369513
0.124 0 0.535171 -0.172397 0.661555 -0.158717 0.709975 -0.00320193
0.125 0 0.531527 -0.171829 0.657005 -0.160019 0.704983 -0.00270309
0.126 0 0.527864 -0.171246 0.652459 -0.161302 0.7 -0.0021987
0.127 0 0.52418 -0.170646 0.647919 -0.162564 0.695024 -0.00168882
0.128 0 0.520475 -0.170031 0.643387 -0.163806 0.690057 -0.00117354
0.129 0 0.516749 -0.169402 0.638865 -0.165027 0.685098 -0.000652907
0.13 0 0.513002 -0.168759 0.634354 -0.166226 0.680146 -0.000126999
0.131 0 0.509234 -0.168104 0.629855 -0.167403 0.675203 0.000404127
0.132 0 0.505444 -0.167436 0.625372 -0.168556 0.670267 0.000940409
0.133 0 0.501632 -0.166758 0.620904 -0.169685 0.66534 0.00148178
0.134 0 0.497798 -0.166071 0.616453 -0.17079 0.660421 0.00202818
0.135 0 0.493943 -0.165374 0.612021 -0.171869 0.65551 0.00257955
0.136 0 0.490065 -0.16467 0.607609 -0.172921 0.650608 0.00313579
0.137 0 0.486167 -0.16396 0.603217 -0.173946 0.645714 0.00369686
0.138 0 0.482247 -0.163244 0.598848 -0.174943 0.640829 0.00426265
0.139 0 0.478306 -0.162524 0.5945 -0.17591 0.635953 0.0048331
0.14 0 0.474345 -0.161801 0.590176 -0.176848 0.631086 0.00540811
0.141 0 0.470364 -0.161076 0.585876 -0.177755 0.626228 0.00598759
0.142 0 0.466364 -0.16035 0.5816 -0.17863 0.621379 0.00657144
0.143 0 0.462346 -0.159623 0.577349 -0.179473 0.61654 0.00715955
0.144 0 0.45831 -0.158897 0.573123 -0.180283 0.611711 0.00775182
0.145 0 0.454256 -0.158173 0.568922 -0.181059 0.606891 0.00834813
0.146 0 0.450187 -0.157452 0.564747 -0.181801 0.602081 0.00894836
0.147 0 0.446103 -0.156733 0.560598 -0.182509 0.597282 0.00955239
0.148 0 0.442004 -0.156018 0.556475 -0.183181 0.592493 0.0101601
0.149 0 0.437893 -0.155307 0.552378 -0.183819 0.587715 0.0107713
0.15 0 0.433769 -0.154602 0.548306 -0.18442 0.582947 0.0113859
0.151 0 0.429633 -0.153901 0.544261 -0.184987 0.578191 0.0120038
0.152 0 0.425488 -0.153206 0.540242 -0.185517 0.573445 0.0126248
0.153 0 0.421333 -0.152517 0.536248 -0.186011 0.568711 0.0132487
0.154 0 0.41717 -0.151835 0.532281 -0.186469 0.563989 0.0138754
0.155 0 0.412999 -0.151158 0.559279 0.0145047 0.528339 -0.186892
0.156 0 0.408822 -0.150488 0.55458 0.0151365 0.524423 -0.187279
0.157 0 0.404639 -0.149825 0.549894 0.0157706 0.520533 -0.18763
0.158 0 0.400452 -0.149168 0.545221 0.0164068 0.516669 -0.187946
0.159 0 0.396261 -0.148518 0.54056 0.017045 0.512831 -0.188227
0.16 0 0.392068 -0.147874 0.535912 0.017685 0.509018 -0.188473
0.161 0 0.387872 -0.147237 0.531276 0.0183265 0.505231 -0.188685
0.162 0 0.383675 -0.146607 0.526655 0.0189695 0.50147 -0.188862
0.163 0 0.379478 -0.145983 0.522046 0.0196137 0.497735 -0.189006
0.164 0 0.375281 -0.145365 0.517451 0.0202589 0.494026 -0.189117
0.165 0 0.371085 -0.144752 0.51287 0.0209051 0.490343 -0.189195
0.166 0 0.36689 -0.144146 0.508304 0.0215519 0.486686 -0.189241
0.167 0 0.362699 -0.143545 0.503751 0.0221992 0.483055 -0.189255
0.168 0 0.35851 -0.14295 0.499213 0.0228468 0.47945 -0.189237
0.169 0 0.354325 -0.14236 0.494689 0.0234945 0.475872 -0.189189
0.17 0 0.350144 -0.141775 0.49018 0.0241422 0.47232 -0.18911
0.171 0 0.345968 -0.141194 0.485686 0.0247896 0.468794 -0.189002
0.172 0 0.341798 -0.140618 0.481207 0.0254365 0.465295 -0.188864
0.173 0 0.337634 -0.140046 0.476744 0.0260828 0.461824 -0.188698
0.174 0 0.333476 -0.139478 0.472296 0.0267283 0.458378 -0.188504
0.175 0 0.329326 -0.138913 0.467863 0.0273728 0.454961 -0.188282
0.176 0 0.325183 -0.138352 0.463447 0.0280162 0.45157 -0.188033
0.177 0 0.321048 -0.137794 0.459046 0.0286581 0.448206 -0.187758
0.178 0 0.316922 -0.137239 0.454662 0.0292985 0.44487 -0.187457
0.179 0 0.312805 -0.136687 0.450294 0.0299371 0.441562 -0.187131
0.18 0 0.308698 -0.136137 0.445942 0.0305738 0.438281 -0.186781
0.181 0 0.3046 -0.135589 0.441607 0.0312085 0.435028 -0.186406
0.182 0 0.300513 -0.135043 0.437289 0.0318408 0.431803 -0.186008
0.183 0 0.296437 -0.134499 0.432988 0.0324707 0.428606 -0.185587
0.184 0 0.292372 -0.133956 0.428704 0.033098 0.425437 -0.185144
0.185 0 0.288318 -0.133414 0.424437 0.0337226 0.422296 -0.184679
0.186 0 0.284277 -0.132873 0.420188 0.0343441 0.419183 -0.184193
0.187 0 0.280248 -0.132332 0.415956 0.0349626 0.416099 -0.183687
0.188 0 0.276233 -0.131792 0.411742 0.0355778 0.413044 -0.183161
0.189 0 0.27223 -0.131253 0.407545 0.0361895 0.410017 -0.182615
0.19 0 0.268241 -0.130713 0.403367 0.0367976 0.407018 -0.182051
0.191 0 0.264266 -0.130173 0.399206 0.037402 0.404048 -0.181469
0.192 0 0.260306 -0.129633 0.395064 0.0380025 0.401107 -0.180869
0.193 0 0.25636 -0.129092 0.390941 0.038599 0.398194 -0.180252
0.194 0 0.252429 -0.12855 0.386835 0.0391913 0.39531 -0.179618
0.195 0 0.248514 -0.128008 0.382749 0.0397792 0.392454 -0.178969
0.196 0 0.244615 -0.127464 0.378681 0.0403627 0.389628 -0.178304
0.197 0 0.240732 -0.126919 0.374632 0.0409415 0.38683 -0.177624
0.198 0 0.236866 -0.126373 0.370602 0.0415156 0.38406 -0.17693
0.199 0 0.233016 -0.125826 0.366591 0.0420849 0.381319 -0.176222
