0 0 0.840178 -0.151494 0.974165 0.020604 1.18566 0.13089
0.001 0 0.840381 -0.151341 0.974558 0.019113 1.18435 0.128757
0.002 0 0.840545 -0.151187 0.974915 0.0176164 1.18296 0.126621
0.003 0 0.840668 -0.15103 0.975237 0.016114 1.18151 0.124482
0.004 0 0.84075 -0.150872 0.975523 0.0146058 1.17998 0.122341
0.005 0 0.840793 -0.150711 0.975775 0.0130918 1.17838 0.120198
0.006 0 0.840795 -0.150548 0.975991 0.0115717 1.17671 0.118054
0.007 0 0.840757 -0.150384 0.976171 0.0100456 1.17497 0.11591
0.008 0 0.840678 -0.150218 0.976317 0.00851322 1.17316 0.113765
0.009 0 0.840558 -0.15005 0.976429 0.00697448 1.17127 0.111622
0.01 0 0.840398 -0.14988 0.976505 0.00542919 1.16932 0.109479
0.011 0 0.840197 -0.149709 0.976547 0.00387716 1.16729 0.107339
0.012 0 0.839956 -0.149536 0.976554 0.00231818 1.16519 0.105201
0.013 0 0.839674 -0.149362 0.976527 0.000752014 1.16303 0.103066
0.014 0 0.839351 -0.149186 0.976466 -0.000821609 1.16079 0.100935
0.015 0 0.838988 -0.149009 0.976371 -0.00240298 1.15848 0.098809
0.016 0 0.838584 -0.14883 0.976242 -0.00399241 1.1561 0.0966882
0.017 0 0.838139 -0.14865 0.97608 -0.00559026 1.15366 0.0945736
0.018 0 0.837653 -0.148468 0.975885 -0.0071969 1.15114 0.0924658
0.019 0 0.837127 -0.148285 0.975656 -0.00881277 1.14856 0.0903658
0.02 0 0.83656 -0.1481 0.975394 -0.0104383 1.1459 0.0882743
0.021 0 0.835952 -0.147914 0.9751 -0.012074 1.14318 0.0861923
0.022 0 0.835304 -0.147727 0.974773 -0.0137205 1.14039 0.0841207
0.023 0 0.834615 -0.147538 0.974414 -0.0153782 1.13753 0.0820605
0.024 0 0.833886 -0.147348 0.974023 -0.0170479 1.1346 0.0800125
0.025 0 0.833116 -0.147156 0.9736 -0.0187303 1.13161 0.077978
0.026 0 0.832305 -0.146963 0.973146 -0.020426 1.12855 0.075958
0.027 0 0.831455 -0.146769 0.97266 -0.0221359 1.12542 0.0739536
0.028 0 0.830564 -0.146573 0.972143 -0.0238608 1.12223 0.0719661
0.029 0 0.829632 -0.146376 0.971596 -0.0256018 1.11897 0.0699967
0.03 0 0.82866 -0.146177 0.971017 -0.0273598 1.11564 0.0680467
0.031 0 0.827648 -0.145977 0.970408 -0.0291358 1.11225 0.0661177
0.032 0 0.826596 -0.145775 0.969768 -0.0309311 1.1088 0.0642109
0.033 0 0.825504 -0.145572 0.969097 -0.0327468 1.10528 0.0623281
0.034 0 0.824372 -0.145367 0.968396 -0.0345844 1.1017 0.0604707
0.035 0 0.8232 -0.145161 0.967663 -0.036445 1.09806 0.0586406
0.036 0 0.821988 -0.144953 0.9669 -0.0383303 1.09436 0.0568394
0.037 0 0.820736 -0.144743 0.966105 -0.0402418 1.09059 0.0550689
0.038 0 0.819444 -0.144531 0.965278 -0.042181 1.08677 0.0533311
0.039 0 0.818112 -0.144318 0.964419 -0.0441496 1.0829 0.0516279
0.04 0 0.816741 -0.144103 0.963526 -0.0461493 1.07897 0.0499613
0.041 0 0.81533 -0.143886 0.962598 -0.0481818 1.07498 0.0483332
0.042 0 0.813879 -0.143668 0.961635 -0.0502487 1.07094 0.0467456
0.043 0 0.812388 -0.143447 0.960634 -0.0523518 1.06686 0.0452004
0.044 0 0.810858 -0.143225 0.959595 -0.0544925 1.06273 0.0436995
0.045 0 0.809289 -0.143 0.958514 -0.0566724 1.05856 0.0422446
0.046 0 0.80768 -0.142774 0.957391 -0.0588926 1.05434 0.0408372
0.047 0 0.806031 -0.142546 0.956221 -0.0611542 1.05009 0.0394786
0.048 0 0.804343 -0.142315 0.955003 -0.0634579 1.04581 0.0381698
0.049 0 0.802616 -0.142083 0.953733 -0.0658041 1.0415 0.0369115
0.05 0 0.800849 -0.141849 0.952409 -0.0681927 1.03717 0.0357039
0.051 0 0.799042 -0.141613 0.951027 -0.0706232 1.03281 0.0345469
0.052 0 0.797196 -0.141375 0.949583 -0.0730946 1.02844 0.0334396
0.053 0 0.795311 -0.141135 0.948076 -0.0756055 1.02406 0.032381
0.054 0 0.793386 -0.140893 0.946502 -0.0781538 1.01967 0.0313694
0.055 0 0.791422 -0.14065 0.944858 -0.0807371 1.01528 0.0304026
0.056 0 0.789418 -0.140405 0.943142 -0.0833525 1.01089 0.0294782
0.057 0 0.787374 -0.140158 0.941352 -0.0859968 1.0065 0.0285932
0.058 0 0.785292 -0.13991 0.939486 -0.0886665 1.00211 0.0277446
0.059 0 0.783169 -0.13966 0.937544 -0.0913579 0.997737 0.026929
0.06 0 0.781007 -0.13941 0.935524 -0.0940671 0.99337 0.026143
0.061 0 0.778806 -0.139158 0.933428 -0.0967904 0.989016 0.0253832
0.062 0 0.776565 -0.138905 0.931254 -0.099524 0.984672 0.0246462
0.063 0 0.774285 -0.138652 0.929005 -0.102264 0.980342 0.0239288
0.064 0 0.771965 -0.138399 0.926681 -0.105007 0.976023 0.0232279
0.065 0 0.769606 -0.138145 0.924283 -0.10775 0.971718 0.0225408
0.066 0 0.767208 -0.137892 0.921813 -0.11049 0.967423 0.0218648
0.067 0 0.764771 -0.137638 0.919274 -0.113223 0.96314 0.0211976
0.068 0 0.762294 -0.137386 0.916666 -0.115948 0.958868 0.020537
0.069 0 0.759778 -0.137135 0.913993 -0.118661 0.954604 0.0198812
0.07 0 0.757224 -0.136885 0.911256 -0.121361 0.95035 0.0192285
0.071 0 0.754631 -0.136637 0.908458 -0.124046 0.946102 0.0185777
0.072 0 0.751999 -0.136391 0.9056 -0.126713 0.941861 0.0179274
0.073 0 0.749329 -0.136147 0.902685 -0.129362 0.937626 0.0172766
0.074 0 0.746621 -0.135906 0.899715 -0.131991 0.933394 0.0166246
0.075 0 0.743876 -0.135669 0.896693 -0.134598 0.929167 0.0159706
0.076 0 0.741093 -0.135435 0.893619 -0.137182 0.924941 0.0153141
0.077 0 0.738273 -0.135205 0.890497 -0.139743 0.920717 0.0146546
0.078 0 0.735416 -0.13498 0.887327 -0.14228 0.916494 0.0139919
0.079 0 0.732523 -0.134759 0.884112 -0.144791 0.912271 0.0133256
0.08 0 0.729594 -0.134544 0.880853 -0.147276 0.908047 0.0126556
0.081 0 0.72663 -0.134334 0.877553 -0.149735 0.903822 0.0119819
0.082 0 0.723631 -0.13413 0.874211 -0.152166 0.899594 0.0113044
0.083 0 0.720597 -0.133933 0.870831 -0.15457 0.895364 0.0106231
0.084 0 0.71753 -0.133742 0.867413 -0.156945 0.89113 0.00993814
0.085 0 0.714429 -0.133558 0.863959 -0.159292 0.886893 0.00924957
0.086 0 0.711296 -0.133382 0.86047 -0.16161 0.882652 0.00855753
0.087 0 0.708131 -0.133213 0.856947 -0.163899 0.878407 0.0078622
0.088 0 0.704935 -0.133051 0.853391 -0.166158 0.874157 0.00716376
0.089 0 0.701708 -0.132898 0.849804 -0.168388 0.869902 0.0064624
0.09 0 0.698451 -0.132753 0.846186 -0.170589 0.865641 0.00575835
0.091 0 0.695164 -0.132617 0.842538 -0.172759 0.861375 0.00505184
0.092 0 0.691849 -0.132489 0.838862 -0.1749 0.857104 0.0043431
0.093 0 0.688506 -0.13237 0.852826 0.00363237 0.835158 -0.177011
0.094 0 0.685136 -0.13226 0.848543 0.00291991 0.831427 -0.179092
0.095 0 0.681739 -0.132159 0.844253 0.00220596 0.82767 -0.181143
0.096 0 0.678317 -0.132067 0.839958 0.00149079 0.823888 -0.183164
0.097 0 0.67487 -0.131985 0.835656 0.000774648 0.820082 -0.185155
0.098 0 0.671398 -0.131911 0.831348 5.77885e-05 0.816251 -0.187117
0.099 0 0.667903 -0.131847 0.827034 -0.000659534 0.812398 -0.189049
0.1 0 0.664385 -0.131792 0.822714 -0.00137707 0.808523 -0.190951
0.101 0 0.660845 -0.131747 0.818387 -0.00209457 0.804626 -0.192824
0.102 0 0.657284 -0.131711 0.814055 -0.00281178 0.800708 -0.194668
0.103 0 0.653702 -0.131683 0.809716 -0.00352848 0.79677 -0.196483
0.104 0 0.650101 -0.131666 0.805372 -0.00424441 0.792813 -0.19827
0.105 0 0.64648 -0.131657 0.801021 -0.00495936 0.788837 -0.200027
0.106 0 0.642841 -0.131657 0.796665 -0.00567308 0.784843 -0.201757
0.107 0 0.639184 -0.131666 0.792303 -0.00638537 0.780831 -0.203458
0.108 0 0.63551 -0.131684 0.787935 -0.007096 0.776803 -0.205131
0.109 0 0.63182 -0.13171 0.783562 -0.00780476 0.772758 -0.206777
0.11 0 0.628115 -0.131745 0.779184 -0.00851145 0.768697 -0.208395
0.111 0 0.624395 -0.131789 0.7748 -0.00921588 0.764622 -0.209986
0.112 0 0.62066 -0.13184 0.770412 -0.00991784 0.760532 -0.211551
0.113 0 0.616912 -0.1319 0.766019 -0.0106171 0.756428 -0.213089
0.114 0 0.613152 -0.131968 0.76162 -0.0113136 0.752311 -0.2146
0.115 0 0.609379 -0.132043 0.757218 -0.0120071 0.748181 -0.216085
0.116 0 0.605595 -0.132126 0.752811 -0.0126974 0.744039 -0.217545
0.117 0 0.6018 -0.132217 0.7484 -0.0133844 0.739886 -0.218979
0.118 0 0.597995 -0.132315 0.743985 -0.0140678 0.735722 -0.220388
0.119 0 0.594181 -0.132419 0.739566 -0.0147477 0.731547 -0.221772
0.12 0 0.590358 -0.132531 0.735144 -0.0154237 0.727363 -0.223132
0.121 0 0.586526 -0.132649 0.730719 -0.0160958 0.72317 -0.224467
0.122 0 0.582688 -0.132773 0.72629 -0.0167638 0.718968 -0.225778
0.123 0 0.578842 -0.132904 0.721858 -0.0174276 0.714757 -0.227066
0.124 0 0.57499 -0.133041 0.717423 -0.0180871 0.71054 -0.22833
0.125 0 0.571133 -0.133183 0.712986 -0.0187422 0.706315 -0.229571
0.126 0 0.56727 -0.133331 0.708547 -0.0193927 0.702084 -0.230789
0.127 0 0.563404 -0.133485 0.704106 -0.0200385 0.697847 -0.231984
0.128 0 0.559533 -0.133643 0.699662 -0.0206796 0.693605 -0.233158
0.129 0 0.555659 -0.133807 0.695217 -0.0213158 0.689357 -0.234309
0.13 0 0.551783 -0.133975 0.690771 -0.021947 0.685106 -0.235438
0.131 0 0.547905 -0.134148 0.686323 -0.0225731 0.68085 -0.236547
0.132 0 0.544025 -0.134324 0.681874 -0.0231941 0.676592 -0.237634
0.133 0 0.540145 -0.134505 0.677425 -0.0238099 0.672331 -0.2387
0.134 0 0.536264 -0.13469 0.672975 -0.0244203 0.668067 -0.239746
0.135 0 0.532383 -0.134878 0.668524 -0.0250253 0.663802 -0.240772
0.136 0 0.528504 -0.13507 0.664074 -0.0256249 0.659535 -0.241777
0.137 0 0.524626 -0.135264 0.659623 -0.0262189 0.655268 -0.242763
0.138 0 0.52075 -0.135462 0.655173 -0.0268073 0.651 -0.24373
0.139 0 0.516876 -0.135662 0.650724 -0.02739 0.646733 -0.244677
0.14 0 0.513006 -0.135865 0.646275 -0.027967 0.642466 -0.245605
0.141 0 0.509139 -0.13607 0.641828 -0.0285382 0.638201 -0.246515
0.142 0 0.505277 -0.136277 0.637381 -0.0291035 0.633937 -0.247407
0.143 0 0.501419 -0.136486 0.632936 -0.0296629 0.629676 -0.248281
0.144 0 0.497566 -0.136696 0.628493 -0.0302163 0.625417 -0.249137
0.145 0 0.493719 -0.136908 0.624051 -0.0307637 0.621161 -0.249975
0.146 0 0.489878 -0.137122 0.619612 -0.031305 0.616909 -0.250796
0.147 0 0.486044 -0.137336 0.615175 -0.0318401 0.61266 -0.2516
0.148 0 0.482218 -0.137551 0.610741 -0.0323691 0.608416 -0.252387
0.149 0 0.478399 -0.137767 0.606309 -0.0328918 0.604177 -0.253158
0.15 0 0.474588 -0.137983 0.601881 -0.0334083 0.599943 -0.253913
0.151 0 0.470786 -0.138199 0.597455 -0.0339184 0.595715 -0.254652
0.152 0 0.466993 -0.138416 0.593033 -0.0344222 0.591493 -0.255375
0.153 0 0.46321 -0.138632 0.588615 -0.0349195 0.587278 -0.256082
0.154 0 0.459437 -0.138848 0.5842 -0.0354104 0.58307 -0.256775
0.155 0 0.455674 -0.139064 0.579789 -0.0358947 0.578869 -0.257452
0.156 0 0.451923 -0.139279 0.575383 -0.0363725 0.574676 -0.258114
0.157 0 0.448183 -0.139493 0.570981 -0.0368437 0.570491 -0.258762
0.158 0 0.444454 -0.139707 0.566584 -0.0373083 0.566314 -0.259396
0.159 0 0.440739 -0.139919 0.562192 -0.0377661 0.562147 -0.260016
0.16 0 0.437036 -0.14013 0.557804 -0.0382173 0.557989 -0.260622
0.161 0 0.433346 -0.14034 0.553422 -0.0386616 0.553841 -0.261214
0.162 0 0.42967 -0.140549 0.549045 -0.0390991 0.549703 -0.261792
0.163 0 0.426008 -0.140755 0.544674 -0.0395297 0.545575 -0.262358
0.164 0 0.42236 -0.140961 0.540309 -0.0399534 0.541459 -0.262911
0.165 0 0.418727 -0.141164 0.535949 -0.0403701 0.537353 -0.26345
0.166 0 0.415109 -0.141365 0.531596 -0.0407797 0.533259 -0.263978
0.167 0 0.411507 -0.141565 0.527249 -0.0411822 0.529178 -0.264493
0.168 0 0.407921 -0.141762 0.522909 -0.0415776 0.525108 -0.264995
0.169 0 0.404351 -0.141957 0.518575 -0.0419658 0.521051 -0.265486
0.17 0 0.400798 -0.14215 0.514248 -0.0423468 0.517007 -0.265965
0.171 0 0.397262 -0.14234 0.509928 -0.0427204 0.512977 -0.266433
0.172 0 0.393743 -0.142528 0.505615 -0.0430866 0.50896 -0.266889
0.173 0 0.390242 -0.142713 0.50131 -0.0434453 0.504957 -0.267334
0.174 0 0.38676 -0.142896 0.497012 -0.0437966 0.500968 -0.267767
0.175 0 0.383295 -0.143077 0.492722 -0.0441402 0.496994 -0.26819
0.176 0 0.379849 -0.143254 0.48844 -0.0444762 0.493035 -0.268603
0.177 0 0.376423 -0.143429 0.484166 -0.0448044 0.489092 -0.269004
0.178 0 0.373015 -0.143602 0.479899 -0.0451248 0.485163 -0.269396
0.179 0 0.369628 -0.143772 0.475642 -0.0454373 0.481251 -0.269777
0.18 0 0.36626 -0.143939 0.471392 -0.0457418 0.477355 -0.270148
0.181 0 0.362912 -0.144103 0.467151 -0.0460383 0.473475 -0.270509
0.182 0 0.359585 -0.144265 0.462919 -0.0463266 0.469612 -0.27086
0.183 0 0.356279 -0.144424 0.458696 -0.0466066 0.465765 -0.271202
0.184 0 0.352993 -0.144581 0.454482 -0.0468783 0.461936 -0.271535
0.185 0 0.349729 -0.144735 0.450277 -0.0471415 0.458125 -0.271858
0.186 0 0.346487 -0.144887 0.446082 -0.0473961 0.454331 -0.272172
0.187 0 0.343266 -0.145036 0.441895 -0.0476421 0.450556 -0.272476
0.188 0 0.340067 -0.145183 0.437719 -0.0478792 0.446799 -0.272772
0.189 0 0.33689 -0.145328 0.433552 -0.0481075 0.44306 -0.273059
0.19 0 0.333735 -0.14547 0.429395 -0.0483267 0.43934 -0.273337
0.191 0 0.330603 -0.145611 0.425248 -0.0485368 0.43564 -0.273607
0.192 0 0.327494 -0.145749 0.421111 -0.0487376 0.431958 -0.273868
0.193 0 0.324407 -0.145886 0.416985 -0.048929 0.428296 -0.274121
0.194 0 0.321343 -0.146021 0.412869 -0.0491108 0.424654 -0.274365
0.195 0 0.318303 -0.146154 0.408764 -0.0492828 0.421032 -0.274602
0.196 0 0.315286 -0.146286 0.404669 -0.049445 0.41743 -0.27483
0.197 0 0.312292 -0.146417 0.400586 -0.0495972 0.413849 -0.27505
0.198 0 0.309322 -0.146547 0.396513 -0.0497392 0.410288 -0.275262
0.199 0 0.306375 -0.146676 0.392452 -0.0498709 0.406748 -0.275466
