0 0 0.882652 5.04257e-05 0.998805 0.00496705 1.11854 -0.00501748
0.001 0 0.882737 -0.000805063 0.998761 0.00392849 1.11858 -0.00617519
0.002 0 0.882788 -0.00165792 0.998665 0.00288701 1.11854 -0.0073323
0.003 0 0.882806 -0.00250801 0.99852 0.0018427 1.11844 -0.00848862
0.004 0 0.882792 -0.00335518 0.998323 0.000795669 1.11828 -0.00964395
0.005 0 0.882744 -0.00419929 0.998077 -0.00025399 1.11805 -0.0107981
0.006 0 0.882664 -0.00504021 0.997779 -0.00130618 1.11775 -0.0119509
0.007 0 0.882551 -0.00587777 0.997432 -0.00236081 1.11739 -0.0131021
0.008 0 0.882405 -0.00671184 0.997033 -0.00341779 1.11696 -0.0142515
0.009 0 0.882226 -0.00754227 0.996585 -0.00447703 1.11647 -0.015399
0.01 0 0.882015 -0.0083689 0.996086 -0.00553845 1.11591 -0.0165444
0.011 0 0.881771 -0.00919158 0.995537 -0.00660196 1.11528 -0.0176874
0.012 0 0.881495 -0.0100102 0.994937 -0.00766748 1.11459 -0.0188279
0.013 0 0.881186 -0.0108245 0.994287 -0.00873493 1.11383 -0.0199656
0.014 0 0.880844 -0.0116344 0.993588 -0.00980425 1.11301 -0.0211004
0.015 0 0.880471 -0.0124397 0.992838 -0.0108754 1.11212 -0.0222321
0.016 0 0.880065 -0.0132403 0.992038 -0.0119482 1.11117 -0.0233605
0.017 0 0.879627 -0.0140359 0.991188 -0.0130227 1.11015 -0.0244854
0.018 0 0.879158 -0.0148265 0.990289 -0.0140988 1.10907 -0.0256066
0.019 0 0.878656 -0.0156119 0.98934 -0.0151765 1.10792 -0.0267239
0.02 0 0.878123 -0.0163918 0.988341 -0.0162557 1.10671 -0.0278371
0.021 0 0.877558 -0.0171661 0.987293 -0.0173363 1.10543 -0.0289461
0.022 0 0.876961 -0.0179346 0.986195 -0.0184184 1.10409 -0.0300505
0.023 0 0.876333 -0.0186971 0.985049 -0.0195018 1.10268 -0.0311503
0.024 0 0.875674 -0.0194535 0.983853 -0.0205867 1.10121 -0.0322452
0.025 0 0.874985 -0.0202036 0.982609 -0.0216729 1.09968 -0.033335
0.026 0 0.874264 -0.020947 0.981315 -0.0227604 1.09808 -0.0344196
0.027 0 0.873512 -0.0216838 0.979974 -0.0238493 1.09642 -0.0354987
0.028 0 0.87273 -0.0224135 0.978583 -0.0249395 1.0947 -0.0365722
0.029 0 0.871918 -0.0231361 0.977145 -0.026031 1.09291 -0.0376398
0.03 0 0.871076 -0.0238513 0.975658 -0.027124 1.09106 -0.0387014
0.031 0 0.870203 -0.0245588 0.974124 -0.0282184 1.08915 -0.0397568
0.032 0 0.869301 -0.0252585 0.972542 -0.0293142 1.08717 -0.0408057
0.033 0 0.868369 -0.0259501 0.970912 -0.0304115 1.08513 -0.0418479
0.034 0 0.867408 -0.0266334 0.969235 -0.0315104 1.08303 -0.0428834
0.035 0 0.866418 -0.027308 0.967511 -0.032611 1.08087 -0.0439118
0.036 0 0.865399 -0.0279737 0.96574 -0.0337133 1.07865 -0.0449329
0.037 0 0.864351 -0.0286303 0.963923 -0.0348175 1.07636 -0.0459466
0.038 0 0.863275 -0.0292774 0.962059 -0.0359237 1.07402 -0.0469527
0.039 0 0.862171 -0.0299148 0.960149 -0.037032 1.07161 -0.0479509
0.04 0 0.861038 -0.0305421 0.958194 -0.0381426 1.06915 -0.048941
0.041 0 0.859878 -0.0311591 0.956192 -0.0392556 1.06662 -0.0499229
0.042 0 0.85869 -0.0317652 0.954146 -0.0403713 1.06403 -0.0508962
0.043 0 0.857474 -0.0323603 0.952054 -0.0414899 1.06139 -0.0518609
0.044 0 0.856232 -0.0329439 0.949918 -0.0426117 1.05868 -0.0528167
0.045 0 0.854963 -0.0335157 0.947737 -0.0437368 1.05592 -0.0537633
0.046 0 0.853667 -0.0340751 0.945513 -0.0448656 1.0531 -0.0547006
0.047 0 0.852344 -0.0346219 0.943244 -0.0459984 1.05022 -0.0556283
0.048 0 0.850996 -0.0351555 0.940933 -0.0471355 1.04728 -0.0565462
0.049 0 0.849621 -0.0356755 0.938579 -0.0482774 1.04428 -0.0574541
0.05 0 0.84822 -0.0361813 0.936182 -0.0494245 1.04123 -0.0583516
0.051 0 0.846794 -0.0366724 0.933743 -0.0505772 1.03812 -0.0592386
0.052 0 0.845342 -0.0371484 0.931263 -0.051736 1.03495 -0.0601149
0.053 0 0.843865 -0.0376085 0.928742 -0.0529014 1.03173 -0.0609801
0.054 0 0.842362 -0.0380523 0.926181 -0.054074 1.02845 -0.0618339
0.055 0 0.840834 -0.038479 0.92358 -0.0552544 1.02512 -0.0626762
0.056 0 0.839281 -0.038888 0.92094 -0.0564432 1.02173 -0.0635067
0.057 0 0.837702 -0.0392787 0.918262 -0.0576411 1.01829 -0.0643249
0.058 0 0.836098 -0.0396504 0.915546 -0.0588489 1.01479 -0.0651307
0.059 0 0.834468 -0.0400023 0.912793 -0.0600672 1.01124 -0.0659237
0.06 0 0.832813 -0.0403336 0.910005 -0.061297 1.00763 -0.0667036
0.061 0 0.831131 -0.0406438 0.907181 -0.0625388 1.00397 -0.0674701
0.062 0 0.829423 -0.0409319 0.904325 -0.0637938 1.00026 -0.0682226
0.063 0 0.827689 -0.0411973 0.901436 -0.0650626 0.996499 -0.068961
0.064 0 0.825926 -0.0414393 0.898515 -0.0663461 0.992684 -0.0696848
0.065 0 0.824136 -0.0416572 0.895566 -0.0676452 0.988817 -0.0703935
0.066 0 0.822316 -0.0418504 0.892588 -0.0689607 0.984899 -0.0710867
0.067 0 0.820467 -0.0420183 0.889583 -0.0702933 0.980931 -0.0717639
0.068 0 0.818587 -0.0421605 0.886554 -0.0716439 0.976912 -0.0724247
0.069 0 0.816675 -0.0422767 0.883502 -0.073013 0.972844 -0.0730684
0.07 0 0.81473 -0.0423667 0.880429 -0.0744012 0.968726 -0.0736945
0.071 0 0.812751 -0.0424305 0.877338 -0.0758088 0.96456 -0.0743023
0.072 0 0.810736 -0.0424682 0.874229 -0.0772363 0.960346 -0.0748912
0.073 0 0.808684 -0.0424803 0.871105 -0.0786836 0.956084 -0.0754606
0.074 0 0.806594 -0.0424672 0.867969 -0.080151 0.951775 -0.0760095
0.075 0 0.804464 -0.0424297 0.864821 -0.081638 0.947419 -0.0765371
0.076 0 0.802294 -0.0423688 0.861664 -0.0831446 0.943018 -0.0770427
0.077 0 0.800083 -0.0422858 0.858499 -0.0846703 0.938573 -0.0775252
0.078 0 0.797829 -0.0421819 0.855328 -0.0862145 0.934083 -0.0779837
0.079 0 0.795531 -0.0420586 0.852151 -0.0877768 0.92955 -0.0784169
0.08 0 0.793191 -0.0419175 0.84897 -0.0893565 0.924975 -0.0788239
0.081 0 0.790806 -0.0417601 0.845784 -0.0909532 0.92036 -0.0792033
0.082 0 0.788378 -0.0415881 0.842593 -0.0925661 0.915705 -0.0795539
0.083 0 0.785907 -0.0414032 0.839398 -0.094195 0.911013 -0.0798744
0.084 0 0.783392 -0.0412069 0.836197 -0.0958394 0.906285 -0.0801634
0.085 0 0.780835 -0.0410006 0.832989 -0.097499 0.901522 -0.0804197
0.086 0 0.778236 -0.0407858 0.829773 -0.0991737 0.896728 -0.0806419
0.087 0 0.775596 -0.0405637 0.826545 -0.100863 0.891906 -0.0808289
0.088 0 0.772916 -0.0403355 0.823304 -0.102567 0.887057 -0.0809796
0.089 0 0.770198 -0.0401021 0.820047 -0.104285 0.882186 -0.0810934
0.09 0 0.767441 -0.0398644 0.81677 -0.106017 0.877296 -0.0811697
0.091 0 0.764648 -0.0396231 0.81347 -0.107761 0.872391 -0.0812085
0.092 0 0.76182 -0.039379 0.810143 -0.109517 0.867475 -0.0812105
0.093 0 0.758957 -0.0391324 0.806785 -0.111283 0.862552 -0.0811767
0.094 0 0.756061 -0.0388838 0.803392 -0.113057 0.857627 -0.0811089
0.095 0 0.753133 -0.0386334 0.79996 -0.114835 0.852703 -0.0810095
0.096 0 0.750174 -0.0383816 0.796487 -0.116614 0.847784 -0.0808815
0.097 0 0.747186 -0.0381285 0.792969 -0.118392 0.842872 -0.0807285
0.098 0 0.744169 -0.0378741 0.789405 -0.120162 0.837971 -0.0805543
0.099 0 0.741123 -0.0376185 0.785794 -0.121923 0.833082 -0.080363
0.1 0 0.738052 -0.0373617 0.782134 -0.123668 0.828206 -0.0801588
0.101 0 0.734954 -0.0371036 0.778427 -0.125395 0.823343 -0.0799456
0.102 0 0.731831 -0.036844 0.774672 -0.1271 0.818494 -0.079727
0.103 0 0.728684 -0.036583 0.770871 -0.128779 0.813657 -0.0795066
0.104 0 0.725513 -0.0363202 0.767026 -0.13043 0.808832 -0.0792872
0.105 0 0.72232 -0.0360556 0.763138 -0.13205 0.804017 -0.0790713
0.106 0 0.719105 -0.0357889 0.759211 -0.133637 0.799212 -0.0788612
0.107 0 0.715868 -0.03552 0.755245 -0.13519 0.794414 -0.0786584
0.108 0 0.712611 -0.0352485 0.751243 -0.136708 0.789623 -0.0784644
0.109 0 0.709333 -0.0349743 0.747207 -0.138189 0.784837 -0.0782802
0.11 0 0.706036 -0.0346971 0.74314 -0.139634 0.780056 -0.0781066
0.111 0 0.70272 -0.0344167 0.739042 -0.141041 0.775277 -0.0779443
0.112 0 0.699385 -0.0341328 0.734917 -0.142412 0.770501 -0.0777935
0.113 0 0.696032 -0.0338453 0.730766 -0.143745 0.765726 -0.0776547
0.114 0 0.692661 -0.0335538 0.72659 -0.14504 0.760952 -0.0775279
0.115 0 0.689273 -0.0332582 0.722391 -0.146299 0.756179 -0.0774132
0.116 0 0.685868 -0.0329582 0.71817 -0.147522 0.751406 -0.0773105
0.117 0 0.682446 -0.0326537 0.71393 -0.148708 0.746633 -0.0772197
0.118 0 0.679007 -0.0323444 0.70967 -0.149858 0.74186 -0.0771407
0.119 0 0.675552 -0.0320303 0.705393 -0.150972 0.737087 -0.0770734
0.12 0 0.672081 -0.031711 0.701099 -0.152052 0.732314 -0.0770174
0.121 0 0.668594 -0.0313867 0.69679 -0.153097 0.727541 -0.0769725
0.122 0 0.665091 -0.031057 0.692466 -0.154107 0.722769 -0.0769384
0.123 0 0.661573 -0.030722 0.688128 -0.155084 0.717997 -0.0769149
0.124 0 0.658039 -0.0303817 0.683778 -0.156027 0.713228 -0.0769015
0.125 0 0.65449 -0.0300361 0.679416 -0.156938 0.70846 -0.076898
0.126 0 0.650925 -0.0296851 0.675044 -0.157816 0.703694 -0.0769038
0.127 0 0.647345 -0.0293289 0.670661 -0.158663 0.698931 -0.0769187
0.128 0 0.643749 -0.0289676 0.666268 -0.159477 0.694172 -0.076942
0.129 0 0.640139 -0.0286014 0.661867 -0.160261 0.689417 -0.0769734
0.13 0 0.636513 -0.0282304 0.657458 -0.161014 0.684666 -0.0770124
0.131 0 0.632873 -0.027855 0.653042 -0.161736 0.679921 -0.0770583
0.132 0 0.629218 -0.0274752 0.648619 -0.162429 0.675182 -0.0771108
0.133 0 0.625547 -0.0270916 0.644191 -0.163092 0.67045 -0.0771691
0.134 0 0.621863 -0.0267043 0.639756 -0.163726 0.665724 -0.0772327
0.135 0 0.618163 -0.0263138 0.635318 -0.164332 0.661007 -0.077301
0.136 0 0.61445 -0.0259205 0.630875 -0.164909 0.656298 -0.0773734
0.137 0 0.610723 -0.0255248 0.626428 -0.165458 0.651598 -0.0774492
0.138 0 0.606981 -0.0251271 0.621979 -0.165979 0.646907 -0.0775278
0.139 0 0.603227 -0.0247278 0.617527 -0.166473 0.642226 -0.0776085
0.14 0 0.599459 -0.0243274 0.613074 -0.16694 0.637556 -0.0776907
0.141 0 0.595678 -0.0239263 0.608619 -0.167381 0.632896 -0.0777738
0.142 0 0.591885 -0.0235251 0.604164 -0.167795 0.628248 -0.0778572
0.143 0 0.588081 -0.023124 0.599708 -0.168183 0.623611 -0.0779403
0.144 0 0.584264 -0.0227236 0.595253 -0.168546 0.618985 -0.0780225
0.145 0 0.580437 -0.0223243 0.590798 -0.168883 0.614372 -0.0781032
0.146 0 0.5766 -0.0219265 0.586345 -0.169196 0.609771 -0.0781819
0.147 0 0.572752 -0.0215305 0.581894 -0.169483 0.605183 -0.0782581
0.148 0 0.568896 -0.0211367 0.577445 -0.169746 0.600608 -0.0783313
0.149 0 0.56503 -0.0207454 0.572999 -0.169986 0.596045 -0.0784011
0.15 0 0.561157 -0.020357 0.568556 -0.170201 0.591496 -0.0784671
0.151 0 0.557276 -0.0199718 0.564117 -0.170393 0.58696 -0.0785288
0.152 0 0.553388 -0.0195899 0.559682 -0.170562 0.582437 -0.0785859
0.153 0 0.549494 -0.0192118 0.555251 -0.170707 0.577928 -0.0786381
0.154 0 0.545594 -0.0188375 0.550826 -0.17083 0.573433 -0.0786851
0.155 0 0.54169 -0.0184673 0.546406 -0.170931 0.568951 -0.0787266
0.156 0 0.537781 -0.0181014 0.541993 -0.17101 0.564484 -0.0787623
0.157 0 0.533868 -0.0177399 0.537586 -0.171067 0.56003 -0.0787921
0.158 0 0.529953 -0.017383 0.533185 -0.171102 0.555591 -0.0788157
0.159 0 0.526034 -0.0170307 0.528792 -0.171117 0.551166 -0.078833
0.16 0 0.522114 -0.0166833 0.524407 -0.17111 0.546755 -0.0788437
0.161 0 0.518193 -0.0163407 0.52003 -0.171083 0.542359 -0.0788479
0.162 0 0.514271 -0.0160031 0.515661 -0.171035 0.537977 -0.0788453
0.163 0 0.510349 -0.0156704 0.511301 -0.170967 0.53361 -0.0788359
0.164 0 0.506427 -0.0153428 0.506951 -0.170879 0.529257 -0.0788196
0.165 0 0.502507 -0.0150203 0.52492 -0.0787964 0.50261 -0.170772
0.166 0 0.498588 -0.014703 0.520598 -0.0787661 0.498279 -0.170645
0.167 0 0.494671 -0.0143907 0.516291 -0.0787288 0.493959 -0.1705
0.168 0 0.490757 -0.0140835 0.511999 -0.0786844 0.48965 -0.170335
0.169 0 0.486846 -0.0137815 0.507722 -0.0786329 0.485352 -0.170152
0.17 0 0.482939 -0.0134846 0.503462 -0.0785744 0.481065 -0.169951
0.171 0 0.479036 -0.0131928 0.499216 -0.0785088 0.47679 -0.169731
0.172 0 0.475138 -0.0129061 0.494987 -0.0784362 0.472528 -0.169494
0.173 0 0.471245 -0.0126244 0.490774 -0.0783565 0.468278 -0.16924
0.174 0 0.467357 -0.0123477 0.486577 -0.0782698 0.464041 -0.168968
0.175 0 0.463476 -0.012076 0.482396 -0.0781762 0.459818 -0.168679
0.176 0 0.459602 -0.0118092 0.478232 -0.0780757 0.455608 -0.168373
0.177 0 0.455734 -0.0115473 0.474084 -0.0779683 0.451412 -0.168051
0.178 0 0.451874 -0.0112903 0.469953 -0.0778541 0.44723 -0.167713
0.179 0 0.448022 -0.011038 0.465838 -0.0777332 0.443063 -0.167359
0.18 0 0.444178 -0.0107905 0.461741 -0.0776057 0.438911 -0.166989
0.181 0 0.440343 -0.0105477 0.457661 -0.0774715 0.434774 -0.166604
0.182 0 0.436517 -0.0103095 0.453599 -0.0773309 0.430653 -0.166203
0.183 0 0.4327 -0.0100758 0.449554 -0.0771838 0.426547 -0.165788
0.184 0 0.428893 -0.00984671 0.445526 -0.0770303 0.422458 -0.165357
0.185 0 0.425096 -0.00962204 0.441517 -0.0768706 0.418385 -0.164913
0.186 0 0.42131 -0.00940177 0.437525 -0.0767046 0.414328 -0.164454
0.187 0 0.417535 -0.00918584 0.433552 -0.0765326 0.410288 -0.163981
0.188 0 0.413771 -0.00897417 0.429597 -0.0763545 0.406266 -0.163494
0.189 0 0.410018 -0.00876671 0.42566 -0.0761706 0.402261 -0.162994
0.19 0 0.406278 -0.00856339 0.421742 -0.0759808 0.398273 -0.162481
0.191 0 0.40255 -0.00836416 0.417843 -0.0757853 0.394304 -0.161955
0.192 0 0.398834 -0.00816894 0.413963 -0.0755842 0.390353 -0.161416
0.193 0 0.395131 -0.00797768 0.410102 -0.0753775 0.38642 -0.160865
0.194 0 0.391441 -0.00779032 0.40626 -0.0751654 0.382506 -0.160301
0.195 0 0.387765 -0.00760678 0.402437 -0.074948 0.37861 -0.159725
0.196 0 0.384102 -0.00742701 0.398634 -0.0747253 0.374734 -0.159138
0.197 0 0.380453 -0.00725094 0.39485 -0.0744975 0.370877 -0.158539
0.198 0 0.376818 -0.00707851 0.391086 -0.0742647 0.36704 -0.157928
0.199 0 0.373198 -0.00690966 0.387343 -0.074027 0.363222 -0.157307
