0 0 0.881373 0.0234984 1.01417 -0.00140452 1.10446 -0.0220938
0.001 0 0.881553 0.0224381 1.01422 -0.00237831 1.10405 -0.0230981
0.002 0 0.881699 0.0213741 1.01422 -0.00334859 1.10359 -0.0241009
0.003 0 0.881811 0.0203064 1.01418 -0.00431536 1.10306 -0.025102
0.004 0 0.881888 0.0192352 1.01408 -0.00527863 1.10247 -0.0261012
0.005 0 0.88193 0.0181606 1.01394 -0.0062384 1.10182 -0.027098
0.006 0 0.881939 0.0170828 1.01374 -0.00719469 1.10111 -0.0280921
0.007 0 0.881913 0.0160019 1.0135 -0.00814752 1.10034 -0.0290833
0.008 0 0.881854 0.0149181 1.01321 -0.00909688 1.0995 -0.0300712
0.009 0 0.881761 0.0138315 1.01287 -0.0100428 1.0986 -0.0310554
0.01 0 0.881633 0.0127422 1.01249 -0.0109853 1.09764 -0.0320357
0.011 0 0.881473 0.0116504 1.01205 -0.0119244 1.09662 -0.0330117
0.012 0 0.881279 0.0105562 1.01157 -0.0128602 1.09554 -0.0339831
0.013 0 0.881051 0.00945969 1.01104 -0.0137926 1.09439 -0.0349494
0.014 0 0.880791 0.0083611 1.01046 -0.0147217 1.09319 -0.0359105
0.015 0 0.880497 0.00726051 1.00983 -0.0156475 1.09192 -0.0368659
0.016 0 0.880171 0.00615806 1.00915 -0.0165701 1.09059 -0.0378153
0.017 0 0.879812 0.00505387 1.00843 -0.0174895 1.0892 -0.0387583
0.018 0 0.879421 0.00394806 1.00766 -0.0184058 1.08774 -0.0396946
0.019 0 0.878997 0.00284077 1.00684 -0.019319 1.08623 -0.0406238
0.02 0 0.878542 0.00173211 1.00598 -0.0202293 1.08465 -0.0415455
0.021 0 0.878055 0.000622203 1.00506 -0.0211366 1.08301 -0.0424593
0.022 0 0.877536 -0.000488835 1.0041 -0.022041 1.08131 -0.0433649
0.023 0 0.876987 -0.00160089 1.00309 -0.0229427 1.07955 -0.0442618
0.024 0 0.876406 -0.00271385 1.00204 -0.0238418 1.07773 -0.0451497
0.025 0 0.875795 -0.0038276 1.00094 -0.0247383 1.07585 -0.0460281
0.026 0 0.875153 -0.00494205 0.99979 -0.0256323 1.07391 -0.0468966
0.027 0 0.874481 -0.00605708 0.998596 -0.0265241 1.07191 -0.0477548
0.028 0 0.87378 -0.00717259 0.997355 -0.0274137 1.06984 -0.0486022
0.029 0 0.873049 -0.0082885 0.996068 -0.0283012 1.06772 -0.0494383
0.03 0 0.872289 -0.00940469 0.994735 -0.029187 1.06554 -0.0502627
0.031 0 0.871501 -0.0105211 0.993355 -0.0300712 1.06329 -0.0510749
0.032 0 0.870684 -0.0116376 0.99193 -0.0309539 1.06099 -0.0518743
0.033 0 0.869839 -0.0127542 0.99046 -0.0318354 1.05862 -0.0526604
0.034 0 0.868967 -0.0138707 0.988944 -0.032716 1.0562 -0.0534326
0.035 0 0.868068 -0.014987 0.987382 -0.033596 1.05371 -0.0541904
0.036 0 0.867142 -0.0161032 0.985776 -0.0344756 1.05117 -0.0549332
0.037 0 0.86619 -0.0172192 0.984124 -0.0353553 1.04857 -0.0556601
0.038 0 0.865212 -0.0183348 0.982428 -0.0362354 1.04591 -0.0563707
0.039 0 0.864209 -0.01945 0.980687 -0.0371163 1.04318 -0.057064
0.04 0 0.863182 -0.0205649 0.978901 -0.0379985 1.0404 -0.0577394
0.041 0 0.86213 -0.0216792 0.977071 -0.0388826 1.03756 -0.058396
0.042 0 0.861055 -0.0227931 0.975197 -0.0397691 1.03467 -0.0590329
0.043 0 0.859958 -0.0239064 0.973278 -0.0406587 1.03171 -0.0596491
0.044 0 0.858838 -0.0250191 0.971315 -0.0415522 1.02869 -0.0602436
0.045 0 0.857697 -0.0261313 0.969308 -0.0424503 1.02562 -0.0608151
0.046 0 0.856535 -0.0272428 0.967257 -0.043354 1.02249 -0.0613625
0.047 0 0.855353 -0.0283538 0.965161 -0.0442643 1.0193 -0.0618844
0.048 0 0.854152 -0.0294641 0.963022 -0.0451825 1.01605 -0.0623792
0.049 0 0.852933 -0.0305739 0.960837 -0.0461099 1.01274 -0.0628453
0.05 0 0.851697 -0.0316831 0.958608 -0.0470479 1.00938 -0.0632808
0.051 0 0.850444 -0.0327918 0.956333 -0.0479984 1.00596 -0.0636837
0.052 0 0.849176 -0.0338999 0.954013 -0.0489633 1.00248 -0.0640516
0.053 0 0.847894 -0.0350076 0.951646 -0.0499449 0.998951 -0.0643819
0.054 0 0.8466 -0.0361149 0.949231 -0.0509458 0.995364 -0.0646716
0.055 0 0.845293 -0.0372219 0.946766 -0.0519689 0.991725 -0.0649175
0.056 0 0.843977 -0.0383287 0.94425 -0.0530175 0.988033 -0.0651159
0.057 0 0.842652 -0.0394352 0.94168 -0.0540956 0.984292 -0.0652625
0.058 0 0.841321 -0.0405418 0.939051 -0.0552072 0.980505 -0.0653528
0.059 0 0.839984 -0.0416484 0.93636 -0.056357 0.976675 -0.0653817
0.06 0 0.838645 -0.0427551 0.9336 -0.0575501 0.972809 -0.0653439
0.061 0 0.837305 -0.0438622 0.930762 -0.0587912 0.968913 -0.0652342
0.062 0 0.835967 -0.0449697 0.927834 -0.0600846 0.964997 -0.0650479
0.063 0 0.834633 -0.0460778 0.924804 -0.0614332 0.961074 -0.0647817
0.064 0 0.833308 -0.0471866 0.921654 -0.062837 0.957158 -0.0644353
0.065 0 0.831995 -0.0482961 0.918365 -0.0642917 0.953266 -0.0640128
0.066 0 0.830697 -0.0494066 0.914917 -0.0657872 0.949415 -0.0635236
0.067 0 0.82942 -0.0505179 0.911293 -0.0673078 0.945618 -0.0629835
0.068 0 0.82817 -0.0516301 0.907481 -0.0688335 0.941883 -0.0624123
0.069 0 0.826953 -0.0527429 0.903474 -0.0703431 0.938211 -0.0618311
0.07 0 0.825777 -0.0538558 0.899272 -0.0718179 0.934596 -0.0612589
0.071 0 0.824653 -0.0549679 0.894876 -0.0732443 0.931027 -0.06071
0.072 0 0.823592 -0.0560778 0.890287 -0.0746142 0.927493 -0.0601939
0.073 0 0.82261 -0.0571828 0.885504 -0.0759251 0.92398 -0.0597154
0.074 0 0.821727 -0.0582784 0.880518 -0.0771798 0.920478 -0.059276
0.075 0 0.820971 -0.0593567 0.875313 -0.0783866 0.916978 -0.0588754
0.076 0 0.820376 -0.0604032 0.869862 -0.0795614 0.913472 -0.0585116
0.077 0 0.819994 -0.0613903 0.864121 -0.0807344 0.909956 -0.0581822
0.078 0 0.819897 -0.0622608 0.858023 -0.0819651 0.906423 -0.0578847
0.079 0 0.820178 -0.0628877 0.851479 -0.0833829 0.902873 -0.0576163
0.08 0 0.820897 -0.0629806 0.844435 -0.0852806 0.8993 -0.0573746
0.081 0 0.821772 -0.062058 0.837174 -0.088142 0.895705 -0.0571573
0.082 0 0.82197 -0.0601315 0.830532 -0.0919573 0.892084 -0.0569623
0.083 0 0.821195 -0.0579561 0.824808 -0.0959733 0.888438 -0.0567877
0.084 0 0.819763 -0.0559474 0.819689 -0.0997759 0.884766 -0.0566318
0.085 0 0.817942 -0.0541666 0.814908 -0.103305 0.881066 -0.0564932
0.086 0 0.810321 -0.10659 0.815876 -0.0525864 0.87734 -0.0563706
0.087 0 0.805854 -0.109667 0.813643 -0.0511706 0.873586 -0.0562629
0.088 0 0.801462 -0.112569 0.811288 -0.0498884 0.869804 -0.0561691
0.089 0 0.797119 -0.115319 0.808839 -0.0487156 0.865995 -0.0560884
0.09 0 0.792808 -0.117938 0.806314 -0.0476334 0.862159 -0.0560201
0.091 0 0.788518 -0.120441 0.803725 -0.046627 0.858296 -0.0559635
0.092 0 0.78424 -0.12284 0.801082 -0.0456844 0.854406 -0.0559182
0.093 0 0.779968 -0.125145 0.798391 -0.0447959 0.850489 -0.0558838
0.094 0 0.7757 -0.127364 0.795659 -0.0439538 0.846547 -0.05586
0.095 0 0.77143 -0.129505 0.792887 -0.0431512 0.842578 -0.0558466
0.096 0 0.767158 -0.131573 0.790081 -0.0423826 0.838585 -0.0558435
0.097 0 0.762882 -0.133572 0.787242 -0.041643 0.834567 -0.0558505
0.098 0 0.758599 -0.135508 0.784372 -0.0409282 0.830525 -0.0558677
0.099 0 0.75431 -0.137383 0.781474 -0.0402345 0.826459 -0.0558952
0.1 0 0.750013 -0.139201 0.778549 -0.0395585 0.822371 -0.0559329
0.101 0 0.745708 -0.140965 0.775597 -0.0388972 0.818261 -0.0559812
0.102 0 0.741394 -0.142676 0.77262 -0.038248 0.81413 -0.0560402
0.103 0 0.737072 -0.144339 0.769618 -0.0376084 0.809979 -0.0561101
0.104 0 0.73274 -0.145953 0.766593 -0.0369762 0.80581 -0.0561912
0.105 0 0.728399 -0.147522 0.763543 -0.0363495 0.801622 -0.0562835
0.106 0 0.724049 -0.149047 0.76047 -0.0357265 0.797419 -0.0563874
0.107 0 0.71969 -0.150528 0.757373 -0.0351056 0.7932 -0.0565028
0.108 0 0.715322 -0.151969 0.754252 -0.0344854 0.788968 -0.0566299
0.109 0 0.710946 -0.153369 0.751107 -0.0338648 0.784724 -0.0567687
0.11 0 0.70656 -0.15473 0.747938 -0.033243 0.780469 -0.0569188
0.111 0 0.702166 -0.156053 0.744743 -0.0326192 0.776206 -0.0570801
0.112 0 0.697764 -0.157338 0.741522 -0.031993 0.771936 -0.057252
0.113 0 0.693355 -0.158588 0.738275 -0.0313643 0.767661 -0.0574338
0.114 0 0.688937 -0.159802 0.735002 -0.0307331 0.763382 -0.0576247
0.115 0 0.684512 -0.160981 0.731701 -0.0300997 0.759101 -0.0578237
0.116 0 0.68008 -0.162126 0.728373 -0.0294646 0.754819 -0.0580298
0.117 0 0.675642 -0.163238 0.725017 -0.0288284 0.750537 -0.0582416
0.118 0 0.671197 -0.164318 0.721634 -0.0281919 0.746257 -0.0584579
0.119 0 0.666746 -0.165365 0.718223 -0.0275558 0.74198 -0.0586773
0.12 0 0.66229 -0.166381 0.714785 -0.0269211 0.737705 -0.0588985
0.121 0 0.657828 -0.167366 0.71132 -0.0262886 0.733434 -0.0591202
0.122 0 0.653361 -0.16832 0.707829 -0.0256591 0.729167 -0.0593411
0.123 0 0.64889 -0.169245 0.704313 -0.0250335 0.724904 -0.0595601
0.124 0 0.644415 -0.17014 0.700773 -0.0244123 0.720646 -0.0597761
0.125 0 0.639936 -0.171005 0.697209 -0.0237963 0.716391 -0.0599881
0.126 0 0.635453 -0.171842 0.693623 -0.023186 0.712141 -0.0601954
0.127 0 0.630968 -0.172651 0.690016 -0.0225818 0.707894 -0.0603973
0.128 0 0.62648 -0.173432 0.686388 -0.021984 0.703652 -0.060593
0.129 0 0.62199 -0.174186 0.682741 -0.021393 0.699413 -0.0607821
0.13 0 0.617499 -0.174912 0.679076 -0.0208089 0.695178 -0.0609641
0.131 0 0.613006 -0.175612 0.675394 -0.0202319 0.690947 -0.0611387
0.132 0 0.608512 -0.176285 0.671696 -0.019662 0.686719 -0.0613057
0.133 0 0.604018 -0.176932 0.667983 -0.0190993 0.682494 -0.0614647
0.134 0 0.599523 -0.177553 0.664256 -0.0185438 0.678272 -0.0616158
0.135 0 0.595029 -0.178149 0.660515 -0.0179955 0.674054 -0.0617586
0.136 0 0.590536 -0.178719 0.656763 -0.0174542 0.669839 -0.0618932
0.137 0 0.586044 -0.179265 0.652998 -0.0169199 0.665627 -0.0620195
0.138 0 0.581553 -0.179786 0.649224 -0.0163924 0.661419 -0.0621376
0.139 0 0.577065 -0.180282 0.645439 -0.0158717 0.657213 -0.0622473
0.14 0 0.572578 -0.180755 0.641645 -0.0153576 0.653011 -0.0623489
0.141 0 0.568095 -0.181203 0.637843 -0.01485 0.648813 -0.0624422
0.142 0 0.563615 -0.181628 0.634034 -0.0143487 0.644618 -0.0625274
0.143 0 0.559138 -0.18203 0.630217 -0.0138535 0.640427 -0.0626045
0.144 0 0.554665 -0.182409 0.626395 -0.0133644 0.63624 -0.0626737
0.145 0 0.550197 -0.182765 0.622567 -0.0128812 0.632057 -0.0627349
0.146 0 0.545734 -0.183099 0.618733 -0.0124037 0.627879 -0.0627884
0.147 0 0.541276 -0.18341 0.614896 -0.0119317 0.623704 -0.0628342
0.148 0 0.536823 -0.183699 0.611054 -0.0114652 0.619535 -0.0628724
0.149 0 0.532377 -0.183966 0.60721 -0.0110039 0.615371 -0.0629031
0.15 0 0.527936 -0.184212 0.603362 -0.0105478 0.611212 -0.0629265
0.151 0 0.523503 -0.184437 0.599513 -0.0100967 0.607058 -0.0629426
0.152 0 0.519077 -0.18464 0.595662 -0.00965046 0.60291 -0.0629516
0.153 0 0.514658 -0.184823 0.591809 -0.00920896 0.598768 -0.0629536
0.154 0 0.510247 -0.184985 0.587956 -0.00877207 0.594632 -0.0629486
0.155 0 0.505845 -0.185126 0.584103 -0.00833967 0.590503 -0.0629369
0.156 0 0.501451 -0.185247 0.58025 -0.00791165 0.58638 -0.0629184
0.157 0 0.497067 -0.185349 0.576398 -0.00748789 0.582264 -0.0628935
0.158 0 0.492692 -0.18543 0.572548 -0.00706829 0.578156 -0.062862
0.159 0 0.488326 -0.185492 0.568699 -0.00665273 0.574056 -0.0628243
0.16 0 0.483971 -0.185535 0.564851 -0.00624112 0.569963 -0.0627803
0.161 0 0.479626 -0.185559 0.561007 -0.00583337 0.565878 -0.0627302
0.162 0 0.475292 -0.185564 0.557165 -0.00542936 0.561802 -0.0626742
0.163 0 0.47097 -0.18555 0.553327 -0.00502902 0.557734 -0.0626122
0.164 0 0.466659 -0.185518 0.549492 -0.00463226 0.553676 -0.0625445
0.165 0 0.462359 -0.185467 0.545662 -0.00423899 0.549627 -0.0624712
0.166 0 0.458072 -0.185399 0.541836 -0.00384914 0.545587 -0.0623923
0.167 0 0.453798 -0.185312 0.538015 -0.00346262 0.541557 -0.0623079
0.168 0 0.449537 -0.185209 0.534199 -0.00307937 0.537537 -0.0622183
0.169 0 0.445289 -0.185087 0.530389 -0.0026993 0.533528 -0.0621234
0.17 0 0.441054 -0.184949 0.526585 -0.00232236 0.529529 -0.0620235
0.171 0 0.436833 -0.184794 0.522787 -0.00194847 0.525541 -0.0619185
0.172 0 0.432627 -0.184621 0.518995 -0.00157758 0.521565 -0.0618087
0.173 0 0.428435 -0.184433 0.515211 -0.00120961 0.5176 -0.0616941
0.174 0 0.424258 -0.184228 0.511434 -0.000844523 0.513646 -0.0615748
0.175 0 0.420096 -0.184007 0.507665 -0.000482246 0.509705 -0.0614509
0.176 0 0.415949 -0.18377 0.503904 -0.000122732 0.505776 -0.0613225
0.177 0 0.411819 -0.183517 0.500151 0.000234074 0.501859 -0.0611898
0.178 0 0.407704 -0.183249 0.496407 0.00058822 0.497955 -0.0610529
0.179 0 0.403605 -0.182965 0.492671 0.000939754 0.494064 -0.0609117
0.18 0 0.399523 -0.182667 0.488945 0.00128872 0.490186 -0.0607665
0.181 0 0.395458 -0.182353 0.485229 0.00163517 0.486322 -0.0606174
0.182 0 0.39141 -0.182025 0.481522 0.00197915 0.482472 -0.0604644
0.183 0 0.38738 -0.181682 0.477825 0.00232068 0.478635 -0.0603076
0.184 0 0.383367 -0.181325 0.474139 0.00265982 0.474813 -0.0601472
0.185 0 0.379372 -0.180954 0.470464 0.0029966 0.471005 -0.0599832
0.186 0 0.375395 -0.18057 0.466799 0.00333105 0.467212 -0.0598157
0.187 0 0.371437 -0.180171 0.463146 0.00366322 0.463434 -0.0596449
0.188 0 0.367497 -0.179759 0.459504 0.00399313 0.459671 -0.0594708
0.189 0 0.363576 -0.179334 0.455874 0.00432082 0.455923 -0.0592935
0.19 0 0.359674 -0.178895 0.452256 0.00464632 0.45219 -0.0591131
0.191 0 0.355792 -0.178444 0.44865 0.00496966 0.448474 -0.0589297
0.192 0 0.351929 -0.17798 0.445057 0.00529086 0.444773 -0.0587434
0.193 0 0.348086 -0.177504 0.441477 0.00560995 0.441089 -0.0585543
0.194 0 0.344263 -0.177015 0.437909 0.00592696 0.43742 -0.0583625
0.195 0 0.34046 -0.176514 0.434355 0.00624192 0.433769 -0.058168
0.196 0 0.336678 -0.176001 0.430814 0.00655485 0.430134 -0.057971
0.197 0 0.332916 -0.175477 0.427287 0.00686576 0.426515 -0.0577716
0.198 0 0.329175 -0.174941 0.423774 0.00717468 0.422914 -0.0575697
0.199 0 0.325455 -0.174394 0.420275 0.00748164 0.41933 -0.0573656
