3 0 3 1   0.170053   3.04302   -0.464715
3 0 3 -1   0.170676   -2.99099   -0.464715
3 1 2 2   0.171979   -3.10378   -0.463281
3 1 3 0   0.200389   -2.94915   -0.463281
2 2 1 3   0.113917   3.10596   -0.465843
2 2 3 1   0.119166   -3.05784   -0.465843
1 3 0 3   0.190291   2.95256   -0.46297
1 3 2 2   0.151453   -3.03916   -0.46297
0 3 -1 3   0.173706   2.95369   -0.464984
0 3 1 3   0.173099   -2.9728   -0.464984
-1 3 -2 2   0.160122   3.05096   -0.46361
-1 3 0 3   0.202278   -3.00288   -0.46361
-2 2 -3 1   0.109023   -3.12395   -0.465937
-2 2 -1 3   0.109015   -3.10268   -0.465937
-3 1 -3 0   0.205243   3.02529   -0.463395
-3 1 -2 2   0.171715   -3.13592   -0.463395
-3 0 -3 -1   0.185213   3.08115   -0.464445
-3 0 -3 1   0.176549   -3.01749   -0.464445
-3 -1 -2 -2   0.167039   3.12059   -0.463568
-3 -1 -3 0   0.215379   -2.94623   -0.463568
-2 -2 -1 -3   0.103532   3.0801   -0.465393
-2 -2 -3 -1   0.100712   -3.07316   -0.465393
-1 -3 0 -3   0.209779   3.0602   -0.463168
-1 -3 -2 -2   0.167945   3.05209   -0.463168
0 -3 1 -3   0.161549   3.07618   -0.464463
0 -3 -1 -3   0.168612   -3.03418   -0.464463
1 -3 2 -2   0.158993   3.08778   -0.463403
1 -3 0 -3   0.200555   -3.10431   -0.463403
2 -2 3 -1   0.118522   3.06763   -0.465947
2 -2 1 -3   0.104547   -3.01717   -0.465947
3 -1 3 0   0.192482   3.0821   -0.463395
3 -1 2 -2   0.162108   -3.07052   -0.463395
