0 0.0786991
0.02 -0.243533
0.04 -0.507182
0.06 -0.748598
0.08 -1.05394
0.1 -1.33696
0.12 -1.62139
0.14 -1.87025
0.16 -2.13402
0.18 -2.37016
0.2 -2.69881
0.22 -2.96171
0.24 -3.26189
0.26 -3.5583
0.28 -3.78033
0.3 -4.10303
0.32 -4.36727
0.34 -4.63665
0.36 -4.84373
0.38 -5.12185
0.4 -5.38827
0.42 -5.67712
0.44 -5.96252
0.46 -6.24167
0.48 -6.50846
0.5 -6.78372
0.52 -7.09272
0.54 -7.29773
0.56 -7.5826
0.58 -7.87676
0.6 -8.16528
0.62 -8.39407
0.64 -8.65377
0.66 -8.94995
0.68 -9.29789
0.7 -9.49724
0.72 -9.74754
0.74 -10.0948
0.76 -10.4235
0.78 -10.6243
0.8 -10.921
0.82 -11.1192
0.84 -11.4466
0.86 -11.6956
0.88 -11.9694
0.9 -12.1785
0.92 -12.5288
0.94 -12.7384
0.96 -13.0623
0.98 -13.3362
