0 -0.0908452
0.02 -0.274441
0.04 -0.478201
0.06 -0.758883
0.08 -0.991634
0.1 -1.373
0.12 -1.61668
0.14 -1.9825
0.16 -2.21142
0.18 -2.31091
0.2 -2.61184
0.22 -2.89031
0.24 -3.41305
0.26 -3.34285
0.28 -3.93847
0.3 -4.06659
0.32 -4.17764
0.34 -4.67472
0.36 -4.77897
0.38 -5.43737
0.4 -5.34078
0.42 -5.82053
0.44 -5.96025
0.46 -6.54664
0.48 -6.45452
0.5 -6.79431
0.52 -6.88868
0.54 -7.15301
0.56 -7.64801
0.58 -7.82055
0.6 -8.12312
0.62 -8.52165
0.64 -8.61189
0.66 -9.07148
0.68 -9.34207
0.7 -9.57934
0.72 -9.9351
0.74 -10.0609
0.76 -10.2886
0.78 -10.4059
0.8 -10.8583
0.82 -11.3595
0.84 -11.2936
0.86 -11.7501
0.88 -11.9737
0.9 -12.2248
0.92 -12.817
0.94 -12.6304
0.96 -13.1698
0.98 -13.6793
