0 0.546065
0.02 -0.166003
0.04 -1.53833
0.06 -1.16152
0.08 -1.95561
0.1 -2.89445
0.12 -3.16193
0.14 -4.16008
0.16 -4.61538
0.18 -5.24657
0.2 -6.08845
0.22 -7.00738
0.24 -7.03525
0.26 -8.58549
0.28 -7.508
0.3 -9.29702
0.32 -9.54083
0.34 -10.541
0.36 -10.3223
0.38 -10.4694
0.4 -11.9105
0.42 -13.971
0.44 -14.2967
0.46 -14.0737
0.48 -15.4016
0.5 -16.6808
0.52 -16.7099
0.54 -17.9262
0.56 -18.0055
0.58 -19.2189
0.6 -19.1981
0.62 -20.3759
0.64 -19.7517
0.66 -21.2908
0.68 -23.4864
0.7 -22.3567
0.72 -23.0718
0.74 -22.4738
0.76 -24.7408
0.78 -25.9243
0.8 -26.2484
0.82 -27.8922
0.84 -26.9001
0.86 -27.5625
0.88 -29.1718
0.9 -28.2775
0.92 -30.1792
0.94 -31.2367
0.96 -30.8683
0.98 -31.6816
