0 0.191652
0.02 -0.427263
0.04 -1.3927
0.06 -1.69326
0.08 -2.57455
0.1 -3.12378
0.12 -3.80039
0.14 -4.22452
0.16 -4.89448
0.18 -5.92403
0.2 -6.29891
0.22 -6.90225
0.24 -7.67231
0.26 -8.15996
0.28 -8.74636
0.3 -9.93965
0.32 -10.2129
0.34 -10.9853
0.36 -11.6112
0.38 -12.2915
0.4 -12.735
0.42 -13.6246
0.44 -14.2146
0.46 -14.8197
0.48 -15.5923
0.5 -15.9299
0.52 -16.8553
0.54 -17.3626
0.56 -18.0414
0.58 -18.6768
0.6 -19.3161
0.62 -19.8223
0.64 -20.5048
0.66 -21.5055
0.68 -22.0372
0.7 -22.4952
0.72 -23.4359
0.74 -24.2452
0.76 -24.777
0.78 -25.1806
0.8 -26.0949
0.82 -26.4671
0.84 -27.1049
0.86 -27.9591
0.88 -28.2308
0.9 -29.0814
0.92 -29.6657
0.94 -30.2195
0.96 -31.4919
0.98 -31.926
